JobID	Cost
11770269	92.80
11967257	39.10
13543787	149.96
14120114	87.73
14213435	76.02
14872012	96.87
14873647	45.80
14874126	17.45
14874312	20.58
14875652	21.49
14879411	19.73
14880442	32.50
14882071	210.14
14882432	248.96
14882699	302.30
14882947	49.33
14884629	230.72
14885590	48.20
14885778	121.76
14886142	19.31
14886982	72.33
14887433	34.10
14887497	90.43
14887715	421.90
14890220	27.95
14890562	83
14890987	39.64
14895086	34.17
14895586	76.14
14897329	78.75
14898823	47.15
14900433	49.20
14902739	134.53
14903701	367.76
14904544	31.62
14906357	29.69
14908357	24.45
14909499	67.30
14919614	63
14919805	352.20
14920234	23.20
14920470	36.76
14922292	89.10
14924253	99.96
14924469	29.41
14925734	35.05
14927507	329.90
14929003	111.40
14929636	143.48
14929731	21.98
14930413	192.10
14932128	46.48
14933404	25.53
14935028	264.55
14935046	24.74
14935671	71.19
14936085	102.77
14936893	26.99
14937336	91.74
14939208	93.17
14939941	144.53
14940111	17.59
14943599	5250.34
14944084	25.25
14944480	26.31
14946427	48.80
14946750	59.13
14947420	60.50
14949642	124.17
14950290	116.49
14950679	72.42
14951837	30.45
14952316	65.77
14952360	373.03
14952425	384.84
14953284	86.59
14953502	None
14953623	87.65
14954221	52.49
14955249	98.77
14955315	19.23
14955389	None
14955441	21.52
14955603	77.65
14955845	20.27
14955940	130.17
14956137	743.03
14957296	310.50
14957670	21.82
14958379	110.52
14959788	92.00
14960700	201.90
14961016	15.81
14961593	22995.83
14961886	7414.60
14963170	64.10
14963252	3.55
14963483	328.15
14963764	2187.56
14965007	131.10
14966011	75.29
14975991	1718.18
14976427	24585.80
14976614	27.58
14976751	352.40
14977191	27.80
14977452	None
14977480	39.86
14979334	74.50
14981404	38.76
14981756	35.83
14981902	21.67
14982837	2952.00
14983151	25917.50
14983736	3152.70
14986765	105.24
14987001	1793.85
14987386	114.05
14987439	137.50
14989431	3091.43
14990626	154.22
14991395	1847.67
14992976	2208.00
14994685	90.55
14995100	68.90
14995214	559.67
14995498	89.40
14995568	77.33
14995927	77.78
14999427	27.50
14999715	104.05
15001139	129.55
15001751	117.00
15003235	198.95
15003395	23652.30
15004037	69.00
15004098	184.25
15004524	23.45
15004556	26.30
15004568	122.85
15005390	73.75
15005501	51.38
15006004	116.40
15006072	32.19
15006085	117.25
15007036	114.62
15008154	139.23
15009288	345.35
15013056	24.67
15014417	27.81
15014543	28.12
15014889	80.19
15015459	92.30
15015522	121.85
15017561	34.70
15018583	7759.70
15019168	54320.80
15019430	25.00
15019562	30.25
15019578	422.33
15021490	30.75
15022652	137.40
15023467	98.95
15032371	235.50
15032649	321.95
15033270	48.10
15034070	295.40
15034159	90.35
15034165	113.48
15034183	106.30
15035184	255.20
15035239	1734.95
15037060	38.75
15037198	317.91
15038626	7685.00
15039303	75.85
15039490	35.70
15040432	7154.00
15041519	77.40
15042365	98.50
15042784	1879.70
15042814	80.80
15044266	439.90
15045133	101.18
15047175	34.95
15047324	198987.44
15047451	101.45
15048007	150.50
15050032	1096.50
15050775	11.00
15052329	69.33
15052616	606.25
15053562	359.54
15053910	157.70
15054783	62.55
15056801	2529.14
15057157	29.42
15057252	106.43
15058076	185.30
15059486	30.65
15063208	8049.32
15064573	None
15065088	85.82
15065305	8.14
15067776	31.86
15069719	35.25
15069748	154.78
15071370	70.12
15074787	2.14
15076598	51.75
15077813	25.00
15084289	41.00
15085508	28.70
15085901	235.50
15086070	144.50
15086268	80.33
15086395	60.20
15087156	24.28
15087194	115.90
15088239	28.50
15088333	36.09
15092004	217.46
15092152	23.89
15092422	89.00
15092472	95.71
15092849	96.48
15093823	3.09
15094276	3.33
15094775	90.55
15094832	99.85
15094855	37.38
15095953	69.57
15096044	55.00
15096062	37.33
15096752	25.33
15096886	4.17
15097676	70.80
15098465	92.39
15098569	141.30
15100375	30.38
15100716	50.57
15101065	24.40
15101356	27.31
15103168	4836.00
15103492	26.00
15103753	20.58
15104674	50.00
15104871	116.81
15105936	109.95
15106254	116.23
15106644	113.92
15107184	348.45
15107209	21.35
15107610	469.40
15107888	4.00
15108331	1486.16
15108468	324363.45
15109879	58.38
15111391	31.95
15111652	29.60
15112177	4.80
15112510	1120.08
15112820	114.05
15112879	116.60
15114245	43.05
15114253	64.25
15114953	None
15116445	27.70
15118429	None
15119009	187.00
15119065	23436.90
15120250	57.60
15120578	4.70
15121751	32.63
15123605	42.05
15126724	None
15126921	46.00
15127012	62.35
15127328	129.75
15127400	67.75
15127624	168.33
15128187	18.45
15128237	23.33
15129017	49.11
15129965	199.20
15136479	47.10
15136487	23.80
15137228	1603.17
15137836	85.70
15137991	92.85
15138950	52.62
15139587	27.24
15140103	4.50
15140323	61.40
15140836	163.40
15141866	120.20
15142416	28.38
15142853	56.25
15143641	454.38
15144192	153.86
15145111	40.35
15145161	4.50
15145550	84.17
15145553	41.86
15145557	23.38
15145673	33.65
15146223	22.38
15146364	24.71
15146651	77.20
15148090	67.71
15148156	87.33
15148267	310.40
15149858	28.67
15150228	127.19
15150853	28.75
15151077	32.07
15151362	71.75
15151506	6.88
15151570	23.25
15152248	289.00
15152843	330.81
15154011	71.75
15154244	27.69
15154841	8.00
15155018	4.55
15155125	1214.29
15155366	116.55
15156497	25.45
15158392	75.71
15159993	4.58
15161083	97.65
15161549	117.35
15162830	429.75
15163090	267.29
15163465	26.05
15163853	16481.00
15163879	1438.46
15163885	6174.85
15164019	112.62
15164557	30.05
15167899	23.00
15168169	2652.80
15168725	6837.10
15169047	2.43
15169202	6794.62
15169269	46.58
15169346	94.10
15169446	38.45
15169745	5.00
15170124	25.53
15170443	93.38
15171410	19.05
15171857	45.05
15173841	207.86
15174030	6457.65
15175687	274.64
15176557	24.38
15176954	5530.10
15177225	48.00
15178434	1085.00
15178903	34160.23
15179348	42.65
15180952	44.33
15181903	1345.00
15182388	43.00
15182418	94.60
15189265	6.10
15189377	26.70
15190025	74.50
15190745	28.45
15191141	3.75
15191823	30.10
15192079	23.33
15192091	36.14
15192099	35.45
15192235	29.70
15192312	26.15
15192930	26.43
15193240	5.86
15194627	46.80
15195188	40.33
15195457	28.05
15196374	173.76
15196654	134.45
15197308	32.89
15198453	97.00
15199321	59.00
15199680	92.80
15199739	28.33
15199884	63.50
15201840	35.70
15201917	21.94
15203990	35.05
15205976	57.71
15206855	1489.93
15207366	93.10
15207369	41.05
15207512	67.10
15207537	55.95
15208799	57.76
15209228	39.44
15209380	302.75
15210543	165.78
15211278	38.70
15212031	31.38
15212039	24.25
15212153	83.81
15212520	5.70
15212566	25.38
15213322	392.22
15213627	109.30
15215081	106.00
15215255	7124.75
15215382	27.00
15215629	40.70
15216711	954.75
15216944	63.29
15217221	7.57
15217320	5.71
15217602	1111.00
15217752	599.33
15217759	39.00
15217787	88.89
15218161	162.24
15218883	44.29
15219484	41.83
15220633	8621.70
15221678	64.69
15221693	22.83
15222408	360.82
15223560	189.65
15224666	42.25
15225153	24.38
15227434	55.00
15227648	30.62
15228132	21.35
15228472	20223.70
15228812	91.43
15229126	179.52
15229157	69.20
15230070	358.90
15230081	36.80
15230553	32.62
15230607	30.00
15231413	47.10
15232120	1246.18
15232640	38.75
15232688	11.00
15232968	97.57
15232995	996.35
15233290	24.33
15233614	33.24
15241444	177.50
15241512	26.40
15242277	130.85
15242815	65.60
15242875	166.00
15244001	None
15244171	47.50
15245016	324.53
15245994	27.35
15246731	28.67
15246764	108.30
15247176	84.29
15248166	66.80
15249329	88.67
15250286	381.55
15250933	5585.70
15251630	39.50
15252012	108.83
15252262	816.76
15252587	463.10
15253509	123.33
15253857	39.30
15253957	26.52
15254175	208.33
15254270	75.62
15254289	77.05
15254310	316.90
15254408	300.67
15254460	72.24
15254879	110.80
15255481	73.52
15255959	50.00
15256824	54.95
15257414	431.40
15257436	404.70
15257588	351.95
15259126	380.95
15259822	1103.57
15260462	326.20
15260536	113.95
15260856	30.40
15261949	27.17
15263347	72.77
15263590	57.00
15263819	280.60
15264043	27.90
15264091	111.93
15264202	24.50
15264607	30.10
15264632	49.14
15266880	39.10
15268808	1023.35
15269193	94.86
15269655	115.65
15271554	40.70
15272715	52.67
15272737	32100.43
15274068	431.20
15274093	122.85
15275108	53.00
15275639	88.95
15275688	79.25
15275771	369.90
15276139	109.60
15276383	None
15276535	59.18
15276779	50.00
15277563	81.27
15278511	28.57
15278693	27.64
15278827	30.57
15280466	27.00
15281205	31.47
15281873	1233.33
15283460	117.83
15284087	34.67
15284799	516.83
15285290	26.70
15285945	28.24
15287277	65.10
15287940	28.62
15296213	32.43
15297786	97.60
15297838	46.45
15298285	586.25
15299170	37.89
15299344	33.47
15299416	26.39
15299980	27.40
15300047	103.90
15300966	169.45
15301544	34.20
15301695	31.30
15301776	45.81
15302048	277.80
15304503	1080.00
15304527	17.35
15304723	100000.00
15304755	1150.00
15304801	61.10
15305061	93.95
15305390	76.25
15305511	112.14
15305654	62.55
15305948	1462.73
15307032	43.29
15309376	96.23
15309528	7.50
15310889	None
15311105	6879.95
15311178	5632.41
15312475	3975.86
15312482	5637.05
15313569	108.62
15315422	5.50
15315440	42.10
15316123	93.40
15316623	307.00
15318100	133.43
15318170	53.21
15318349	67.40
15318391	118.00
15318465	40.70
15318849	350.00
15319653	1687.30
15319789	24.11
15321228	1730.71
15321540	35.10
15321547	2900.00
15322730	117.95
15323677	81.55
15323818	47.38
15324478	43.62
15326483	4.90
15326559	25.55
15326713	327.55
15326746	145.38
15327133	5.62
15329293	12.00
15330536	3245.57
15330875	33.75
15331004	35.75
15333766	140.33
15334033	144.00
15339365	22.00
15340215	108.24
15340281	43.00
15340542	935.50
15340818	52857.78
15340897	35.90
15341779	88.00
15349948	74.50
15350547	2205.44
15350636	143.67
15351591	9.80
15351835	49.71
15352793	56.95
15352974	85.71
15353764	55.48
15354122	181.33
15354142	43.75
15354741	282.45
15355675	23.64
15356234	3364.30
15356309	1914.57
15356922	12243.58
15364567	122.75
15364578	48.35
15365103	4.79
15365792	31.65
15366901	64.10
15366907	95.15
15366923	19.42
15367422	2296.00
15368024	47.52
15368789	106.11
15369005	9299.94
15369281	6728.70
15369408	33.38
15371446	120.57
15372190	80.90
15372631	22937.78
15373000	5473.45
15374355	119.10
15374608	47.00
15375701	21527.25
15376591	892.55
15378220	22.20
15379004	31.70
15380598	25.60
15380665	26.55
15380816	78.75
15382418	25.25
15383293	138.85
15383859	42.30
15385600	30.67
15386858	109.00
15387344	37.25
15387949	5.00
15388058	10.90
15388243	40.67
15388616	145.10
15390537	70.50
15393346	560.60
15401954	81.58
15401976	145.37
15401992	106.10
15402455	None
15402786	19.29
15403202	95.76
15405235	160.40
15408738	28.24
15411170	136.25
15412548	112.67
15413192	161.25
15413772	87.80
15414821	6682.70
15415300	27.64
15415611	38.60
15416885	29.69
15416981	68.71
15417523	1285.71
15417805	27018.17
15418234	112.62
15420647	86.52
15420940	80.05
15421166	23.75
15422187	88.33
15422649	7128.45
15425214	31.67
15425684	52.10
15429084	42.19
15431044	34.67
15432165	87.56
15432275	68.17
15433492	21.20
15433565	60.00
15433567	102.55
15433768	137.00
15433979	242.85
15434082	27.20
15434114	334.00
15434173	54.45
15434363	43.75
15434617	186111.00
15436242	420.71
15437460	6448.79
15437995	92.35
15438350	11522.25
15438579	121.29
15439064	6219.00
15439370	30.06
15442333	92.73
15443255	431.91
15443257	493.80
15444823	110.71
15445395	28.43
15445904	78.80
15446555	108.90
15446610	20.93
15456400	1160.00
15458692	1280.40
15459100	25.38
15459492	204.00
15460297	31.81
15460479	24.50
15460513	23.63
15460860	22.18
15461005	27.00
15461180	29.55
15461370	22.56
15461637	1252.89
15462276	99.29
15465232	48.18
15465720	1562.17
15465743	110.80
15467516	28.80
15467987	219.15
15468147	40.21
15468845	75.10
15470283	87.81
15471355	314.50
15471633	850.00
15472704	5.07
15473184	86.00
15473559	428.45
15474254	7.46
15475349	22.74
15475372	1248.75
15475887	16.43
15477241	131.33
15477477	64.55
15478115	51.08
15479262	100.40
15480612	270.25
15481986	256.40
15483891	128.95
15484009	1292.31
15484410	27.43
15484945	61.94
15485173	107.57
15486615	19.45
15486833	143.60
15487201	62.75
15487348	138.62
15487487	28.88
15491987	31.54
15491992	5424.85
15495443	20.43
15498137	22.85
15499644	171.30
15500397	33.24
15501714	24.05
15502415	177.33
15511892	29.67
15513548	480.25
15513805	69.95
15513939	26.91
15513944	67.71
15515814	24.56
15517352	29.29
15518625	140.17
15519500	24.94
15521056	25.00
15521175	115.70
15522853	456.45
15523181	145.92
15523734	148.67
15525801	37.50
15526034	66.10
15526275	101.33
15527451	78.05
15528410	74.00
15528695	163.70
15530595	39.62
15530890	96.15
15533349	950.55
15533700	268.14
15533706	107.71
15536045	479.60
15538670	46.24
15539652	23.40
15539976	20.45
15541123	129.00
15541674	14288.60
15543243	117.57
15547001	88.70
15547379	78.90
15547891	70.40
15548223	376.06
15548616	23.10
15548947	116.70
15550358	26.60
15551748	130.30
15552559	88.70
15552620	302.48
15552708	22.70
15553939	128.60
15554904	114583.25
15555605	23.95
15555630	113.71
15556691	24.00
15556911	33.35
15564464	52.72
15564706	51.20
15565530	44.83
15567652	27.20
15567745	41.05
15568096	22.95
15569347	4.79
15569612	16.67
15573449	43.44
15573714	30.90
15574277	29.83
15574925	80.00
15575543	25.19
15575596	22.50
15576533	26.60
15577998	26.67
15579654	135.50
15580232	16.40
15580413	1895.74
15581260	465.77
15582189	5349.00
15583205	108.25
15584225	338.00
15586295	123.71
15586822	162.65
15587530	38.05
15587889	35.80
15587938	78.33
15589355	24.46
15589549	10411.25
15592096	52.76
15595745	140.33
15596234	88.88
15598528	460.45
15598735	279.48
15600250	131.79
15600680	270.00
15601966	109.75
15602670	20.20
15603424	100.70
15603457	684.67
15606315	99.50
15608600	74.35
15608804	39.76
15612626	27.67
15620410	107.00
15621256	22.00
15622931	74.70
15625088	96.90
15625591	74.91
15625949	129.71
15626657	31.65
15627717	1325.10
15627720	187036.89
15628073	317.80
15628125	59.59
15628849	22.60
15629329	29.55
15630594	None
15633457	36.71
15633788	49.33
15634132	86.85
15635504	54.23
15636071	21.15
15636312	27.55
15637208	7321.95
15639999	82.95
15641595	23.13
15642947	44.52
15643077	31.31
15644923	32.60
15649537	161.30
15650876	99.17
15651834	50.95
15652173	102.50
15652312	138.18
15653237	33.70
15654060	115.64
15655550	27.39
15657595	69.05
15658160	4927.85
15658867	3555.33
15662954	104.13
15663037	30.20
15666628	90.40
15676083	27.78
15676090	91.18
15676606	5.45
15676792	175.10
15677453	78.20
15681336	62.50
15681724	109.10
15684809	27.06
15685815	1018.70
15686021	95.00
15686398	99.25
15686851	128.67
15690159	51.00
15691083	5.53
15691370	28.35
15691540	27.79
15692213	1165.38
15693483	1286.36
15693782	105.00
15694904	349.76
15695788	5054.89
15696642	88.50
15697067	120.00
15697786	175.21
15698521	3.33
15698874	25.20
15701184	110.90
15702457	119.24
15703584	73.32
15704977	46.85
15707238	92.86
15708099	30.00
15708119	137.75
15708172	98.45
15709000	25791.00
15709680	60.00
15711342	6.67
15711889	65.50
15712535	19.35
15713889	4.86
15715855	27.95
15718981	119.31
15719424	21.35
15730592	82.45
15732977	40.90
15733147	1066.70
15733746	21.50
15733834	49.45
15735367	111.00
15735372	56.75
15739426	122.30
15740008	74.71
15740466	5431.85
15741438	145.06
15745173	63.53
15745459	22.70
15750014	330.00
15750037	116.15
15750465	26.71
15750858	166.10
15753128	23.00
15753158	32.15
15755401	161.52
15755523	447.90
15757344	118.50
15758271	182.48
15759375	36.05
15760364	105.05
15760392	54.33
15760511	92.55
15762469	41.50
15762500	32.75
15763626	133.33
15765616	23.33
15766958	99.00
15768109	60.95
15768283	488.15
15768659	21.50
15770038	25.00
15771154	111.14
15771508	1168.67
15772491	326.05
15774342	334.00
15774959	107.90
15775945	115.86
15776280	29.38
15778564	85.73
15787562	21.38
15787743	22.40
15788664	245.33
15789039	326.37
15789246	6.85
15790914	23.75
15791993	81.10
15792060	38.45
15792460	84.47
15793079	12136.00
15797412	31.48
15798860	873.05
15798961	69.12
15799062	23.75
15799890	81.50
15799946	33.85
15800059	50.38
15800274	23.75
15800321	48.35
15800592	12.90
15801565	26.79
15801765	23.09
15801880	1359.38
15802246	25.94
15802439	32.19
15802595	10.11
15804058	162.81
15805119	59.70
15805876	12.38
15806641	65.50
15807760	48.64
15810975	325.10
15812021	106.00
15813822	108.50
15814602	40.25
15814837	113.75
15815036	616.40
15816926	70.00
15817975	369.90
15821128	94.60
15822472	126.86
15822605	109.60
15822755	86.00
15824130	23.33
15828716	100.67
15830513	55.00
15830843	22.86
15831034	17.44
15831056	107.56
15831349	23.40
15840225	77.71
15842633	21.55
15844127	51.11
15844887	93.29
15846131	456.81
15847894	435.69
15850542	120.10
15851580	85.77
15852117	39.76
15853343	110.18
15853487	56.41
15853546	32.44
15853878	10.78
15855242	963.86
15856362	98.50
15857031	275.30
15857777	102.86
15858074	8580.15
15859455	97.30
15859546	114.65
15860363	138.52
15860582	28.81
15863430	282.85
15864328	32.60
15865304	113.25
15873421	94.92
15875429	20.81
15876210	98.05
15877001	30.50
15877052	100.00
15878047	37.81
15879146	95.60
15880735	412.18
15880937	70.00
15883312	7882.80
15891429	117.67
15892533	32.43
15893028	27.33
15894197	48.50
15894354	24.84
15894370	32.60
15896873	1888.62
15898353	59.62
15898414	118.15
15899464	63.52
15906679	81.94
15907757	32.20
15907759	86.62
15908318	1183.33
15909258	166.90
15913801	28.15
15913841	101.05
15914672	25.15
15915817	134.25
15917269	16.58
15917280	441.70
15924232	89.25
15924465	77.50
15926686	59.00
15928497	115.57
15928991	10.25
15937735	144.00
15938779	21.44
15938963	385.84
15940895	73.47
15941867	32.42
15942147	42.75
15943238	101.60
15943606	2064.11
15943636	22.59
15943777	1737.76
15946933	28.50
15947356	89.38
15949103	22.15
15951408	23.35
15951517	315.62
15951878	91.85
15953646	1850.00
15953786	88.00
15954771	1025.00
15955210	229.10
15958062	26.40
15958216	34.76
15959233	95.43
15959320	4092.10
15959925	28.00
15960059	98.45
15960728	36.15
15961869	100.33
15962145	118.70
15962658	27.35
15962780	32.76
15966590	53.65
15966844	6069.40
15969584	75.25
15969894	158.93
15977237	22.25
15979360	133.54
15981080	22262.30
15982494	26.50
15984076	89.86
15984422	104.40
15985413	36.50
15985441	154.85
15990568	25062.75
15990885	98.14
15991589	101.50
15993745	61.24
15996066	76.25
15997408	26.10
15998523	306.05
15998926	316.29
16002767	6691.25
16003586	138.50
16004139	18700.27
16007227	134.29
16007404	27.15
16007436	37.75
16007879	39.85
16011933	13410.08
16013945	7117.00
16014041	9025.17
16015558	41.22
16022489	27.53
16022644	85.05
16022673	235.05
16023582	133.90
16023656	155.15
16024725	73.60
16025146	197.67
16025260	38.85
16026568	106.35
16028289	124.00
16029981	39.92
16030842	119.85
16030918	146.25
16030921	12.80
16031771	214.75
16033979	75.62
16034021	23.75
16036365	86.85
16039020	565.40
16039255	33.10
16045194	140.67
16045262	114.90
16048500	526.21
16051293	28.25
16051888	28.67
16052593	145.24
16053892	27.50
16053920	74.95
16054423	100.76
16055215	25.05
16055249	30.95
16056735	21.62
16056754	26.45
16057660	91.77
16060698	31.45
16060992	105.19
16062443	78.75
16070951	68.75
16072516	56.30
16073358	23.22
16073449	41.95
16073802	597.48
16074588	28.57
16074605	27.80
16077104	11222.79
16077651	25118.43
16078370	2913.89
16079222	33.86
16080653	2309.59
16080671	141.38
16080726	56.86
16081151	132.90
16083596	34.70
16085277	5813.62
16087051	28.00
16087912	18.00
16088008	56.91
16088472	27.00
16089737	113.00
16094165	6.80
16097362	1438.62
16098306	87.10
16103913	161.67
16104251	32.40
16106262	178.70
16113176	28.57
16113643	26.40
16114933	11.00
16121826	1921.40
16123823	28.62
16125445	75.71
16125897	77.23
16126440	90.80
16127099	38.30
16128206	5415.80
16130907	97.70
16132314	32.10
16133053	None
16133093	6982.60
16139875	12.30
16140306	55.71
16143354	119.85
16143959	144.43
16144050	131.25
16145780	103.45
16147915	253.75
16149783	89.10
16151061	106.35
16151936	315.62
16152022	418.55
16154120	22.31
16157063	30.75
16160748	90.60
16160815	120.14
16161434	6.86
16163865	50.11
16164884	19.14
16172704	27.70
16173453	10.05
16173719	104.24
16174848	80.30
16176611	429.07
16176649	35.83
16177781	47.33
16178299	58.57
16180032	37.14
16183021	21.25
16183990	35.76
16186318	1386.55
16187270	22.50
16187282	49.20
16190187	50.00
16190350	6.75
16191763	40.00
16192934	9.30
16193810	36.40
16194740	14.29
16197023	27.00
16198594	88.25
16200792	230.57
16202109	39.45
16203448	1155.56
16204968	42.75
16205113	96.95
16206753	349.60
16209180	111.33
16209195	89.57
16209873	40.10
16212097	95.65
16221912	12.25
16223199	67.67
16223872	66.10
16224572	130.57
16225108	17.76
16225412	25.05
16226855	29.50
16227075	1293.75
16228556	134.48
16228988	10.67
16231397	21.80
16232174	1103.81
16232463	502.75
16232675	37.72
16234467	38.00
16234569	51.00
16235541	25.05
16238644	59.30
16239250	75.57
16241652	39.75
16245611	67.80
16248298	47.33
16249341	1254.00
16249773	49.95
16250187	118.90
16252739	None
16254561	5.43
16256965	114.25
16258103	103.25
16259226	26.24
16261624	1824.46
16262544	496.90
16271962	7.40
16272684	51.14
16272787	4.00
16274756	83.65
16275272	25.60
16275925	40.86
16276253	46.62
16277680	81.05
16279086	93.25
16279893	35.00
16282864	70.71
16283938	92.50
16290338	31.20
16291628	353.85
16293267	1037.37
16295250	135.71
16295560	None
16297764	117.71
16298352	46.14
16298742	39.90
16299114	3505.95
16301179	97.33
16302500	24.90
16302911	9.20
16307656	344.55
16307770	44.33
16308305	29.81
16308420	32.78
16312422	143.00
16321250	96.95
16321519	4.00
16321937	61.33
16322138	6.15
16322466	3.40
16323049	2.00
16324365	197.50
16324603	33.23
16324929	3.67
16325514	41.00
16325932	156.25
16326082	None
16326591	38.00
16327623	27.00
16328499	159.88
16328871	25.30
16329013	28.50
16329503	71.35
16329851	76.80
16330403	115.00
16330595	6.33
16331676	1263.80
16331781	1349.33
16333421	1377.50
16334599	324.90
16339656	26.70
16343706	29.14
16344190	29.67
16345933	31.70
16346209	308.63
16346350	27.26
16346939	315.25
16347859	316.00
16353657	176.75
16354194	14.75
16355835	40.15
16358441	76.20
16367858	319.30
16371012	72.24
16371741	36.90
16372558	106.50
16372937	89.92
16375737	109.25
16377984	1930.45
16378861	96.40
16381357	51.05
16381616	29.71
16381910	42.85
16382009	1888.93
16382025	38.75
16382632	4.71
16383153	68.81
16383656	99.05
16383778	95.00
16383916	2.00
16384204	555.80
16388133	91.65
16389836	35.50
16390099	53.80
16390253	23.05
16391317	49.38
16391604	49.15
16391717	116.00
16392088	62.35
16392877	42.20
16393523	30.81
16393548	130.00
16393826	38.30
16395980	20.30
16398128	1442.35
16398223	304.10
16398519	24.45
16399561	9.48
16401703	33.85
16404450	122.60
16406193	38.32
16406527	34.05
16406600	98.05
16416342	44.38
16416496	34.10
16417522	9.95
16418862	51.57
16419012	39.19
16419248	306.80
16420350	150.50
16421900	111.00
16422456	30.86
16422624	25304.90
16423055	1255.00
16423159	396.15
16423952	106.62
16424182	27.33
16426380	1094.18
16427133	17.40
16428278	27.14
16429271	108.38
16431350	333.45
16431570	65.19
16435421	34.88
16440577	78.37
16441153	37.36
16442312	274.00
16442719	175.48
16445135	12.05
16446138	334.35
16446243	9.29
16447747	108.55
16448999	118.55
16450227	1207.50
16454070	110.45
16454109	83.35
16464958	9.71
16465949	27.50
16466015	71.48
16468111	34.85
16468253	15.05
16468344	135.00
16468458	100.29
16468559	65.10
16470648	591.93
16470776	91.95
16473065	24.83
16473173	26.65
16474622	47.45
16475139	7.55
16476020	326.86
16476119	101.10
16477217	298.73
16477557	4.58
16478609	110.85
16478811	5.57
16479340	113.75
16479539	36.86
16479619	7.44
16479853	107.85
16480045	132.55
16481249	41.81
16481280	246.90
16481592	29.27
16481980	29.00
16482071	49.00
16482565	82.86
16482801	30.50
16483071	32.85
16483539	42.65
16483630	60.70
16485931	142.95
16485974	31.60
16486016	101.10
16486033	40.55
16486883	47.00
16487473	91.90
16489380	27.35
16489399	63.76
16491427	38.30
16491700	143.75
16492501	142.25
16493033	51.83
16494397	61.48
16495442	207.76
16495585	31.71
16495776	83.75
16496304	46.65
16497978	30.38
16499424	4.55
16500748	103.81
16501203	51.00
16502746	57.81
16502775	45.60
16502817	393.77
16503049	53.74
16503343	294.20
16503837	30.50
16510157	129.85
16510202	93.19
16511538	93.90
16511587	44.67
16511600	27.08
16512969	4352.70
16513285	6315.46
16517376	35.48
16518221	41.25
16518669	95.62
16520358	14444.00
16521215	98.20
16523347	103523.27
16524653	372.00
16525673	33.42
16525848	40.29
16526112	14.40
16527088	158.69
16527213	1232.89
16527477	3.73
16528628	175.90
16530128	139.42
16531563	106.25
16531757	19.19
16531952	116.30
16533001	23.22
16533268	40.75
16533957	25.67
16534000	58.80
16534970	85.20
16535168	151.05
16535676	21.71
16540426	21533.11
16540526	21745.71
16540737	24563.00
16540873	20833.00
16541010	118.40
16542443	5.00
16544002	481.90
16546764	51801.08
16547096	55667.70
16547681	58586.92
16547775	132.05
16551753	2006.10
16558658	2085.00
16558690	99.00
16558719	27.79
16559016	1170.90
16559267	116.35
16559369	105.29
16564627	8.60
16565098	150.62
16567883	19.70
16568907	20.79
16570865	4.55
16570923	36.50
16571767	515.45
16571783	8460.30
16571880	8349.50
16572279	14.62
16572584	8368.79
16572635	23575.88
16573349	98.25
16573677	19.86
16573735	22.80
16573922	2512.55
16575572	29.75
16577232	80.80
16578009	1287.50
16578011	1969.15
16579005	7.35
16579096	6325.53
16579488	7747.33
16579608	7000.69
16580250	6848.33
16580428	1185.55
16580757	5655.25
16580765	4816.55
16581105	5247.47
16582033	29.24
16585536	105.80
16586346	6706.55
16586682	58312.00
16586905	22212.93
16587098	31.80
16587767	29721.62
16587920	25.00
16588103	54598.67
16588187	25555.00
16588233	58364.11
16588343	27777.00
16588363	51807.89
16588500	25054.80
16588509	28689.93
16590842	119.94
16592293	48.55
16592987	101.95
16593101	37401.53
16593355	100.00
16593381	48.47
16593520	25132.80
16593736	29791.25
16593850	30666.20
16594164	20832.75
16594477	219.19
16596213	10.71
16596992	1075.50
16598014	260.53
16604354	62.65
16605397	22.60
16605573	148.85
16607928	7.14
16607994	84.68
16610067	1170.00
16611482	421.29
16617451	28.57
16617898	155.00
16619160	119.00
16619872	36.00
16619974	40.50
16620314	33.43
16620496	87.70
16620808	20.14
16621317	29.60
16623752	28.40
16625024	25.24
16625399	41.85
16627301	189.20
16627462	282.35
16627894	25.67
16629169	43.00
16631281	70.00
16632486	5431.55
16633511	402.45
16634078	31.25
16634557	36.35
16636874	33.69
16636910	17.95
16640629	69.62
16641543	42.40
16642121	45.00
16642937	1574073.50
16642956	21.81
16644912	174.85
16651756	126.15
16651848	122.48
16651972	25.00
16654960	5.16
16656311	85.71
16659196	48.05
16660008	21.00
16660683	94.15
16660785	181.50
16662474	46.30
16662782	84.25
16663672	120.50
16663725	80.20
16665188	45.21
16665827	12.50
16666301	77.70
16666325	89.80
16667718	54.60
16667901	38.62
16668025	90.10
16668120	30.15
16668122	24.48
16668348	102.35
16668606	118.48
16670270	1559.10
16671219	13.20
16672352	1218.75
16672984	6.35
16673037	22.00
16673346	105.90
16673435	101.90
16674131	4.62
16675788	61.14
16676173	39.24
16676456	28.67
16676546	1850.00
16677570	355.79
16679039	24.20
16679925	22.19
16682591	41.59
16683325	25.00
16688486	27.25
16689788	82.00
16690437	113.20
16690729	132.95
16690910	128.95
16691108	175.40
16691476	22.00
16691733	57.05
16691788	12.67
16692564	252.80
16693166	34.24
16693335	206.85
16694863	11.86
16702264	67.55
16703239	1217.65
16703358	77.00
16704612	1200.00
16705053	156.25
16705247	33.57
16706317	66.86
16707040	321.52
16707045	104.43
16707367	405.22
16708721	11.00
16710452	26.18
16710884	150000.00
16711114	27.50
16713299	100.14
16713798	132.12
16714186	40.52
16714472	148.90
16714636	1032.50
16715815	351.33
16716661	30.55
16717824	42.74
16719731	122.45
16720135	1156.70
16720234	None
16720391	123.80
16720857	38.75
16722147	105.19
16722573	113.95
16723047	8851.44
16723427	37.75
16723638	24.00
16723857	30.95
16724380	158.65
16724390	20.60
16724449	65.29
16725402	343.05
16726045	63.53
16728258	30.24
16728301	34.10
16728320	29.29
16728367	82.73
16729189	43.27
16729928	74.70
16731765	51.11
16731934	122.48
16732331	60.44
16732526	778.65
16734032	107.60
16734219	215.89
16734533	80.60
16734872	83.36
16735145	23.85
16735328	131.85
16736410	6447.20
16737993	101.00
16738530	48.05
16738572	52.36
16738631	96.00
16739794	13.20
16740459	85.71
16742461	12.20
16743098	106.35
16744766	5461.08
16744808	5010.12
16744978	88.20
16745202	20.75
16745785	5944.67
16746189	18.91
16747308	138.45
16748202	28.00
16748942	99.07
16749195	24.75
16754816	58680.50
16755193	28.76
16755727	25.83
16756650	29.40
16756903	50.65
16757187	29.52
16759533	18.00
16759608	39.75
16760302	29.15
16760337	51.50
16760501	478.50
16760666	37.71
16761619	14.60
16761885	15.45
16762867	14.33
16763844	7199.45
16764088	105.20
16764346	47.81
16764363	1132.50
16765552	120.55
16766054	92.00
16766927	115.60
16767204	40.28
16767817	29.81
16769567	561682.50
16770774	108.05
16770989	39.40
16771273	96.85
16774655	39.70
16776942	6339.00
16777019	26041.15
16777395	36.22
16777724	65.44
16777937	412.65
16778040	73.30
16778238	125.24
16778786	1213.64
16778937	140.31
16779471	128.00
16779586	105.40
16779809	1170.83
16779963	7849.45
16780957	34.75
16781357	69.15
16785554	31.10
16786235	9182.75
16786427	140.55
16786653	30.00
16786660	117.50
16786714	163.85
16787154	28.81
16788353	22.56
16790660	11.25
16791046	45.50
16793035	33.45
16793290	125.44
16796506	49.00
16800034	36.90
16801093	30.81
16801430	80.81
16802510	34.85
16804792	52.00
16819676	146.60
16821868	43.65
16822478	20.57
16824471	7038.45
16826353	114.86
16830421	31.55
16834833	120.10
16835453	244.88
16836202	52.25
16836719	104.95
16838106	361.07
16839356	34.25
16839730	108.93
16840497	46.75
16841696	67.00
16841884	87.67
16845358	11.50
16845702	10.88
16850356	1292.50
16853395	103.20
16857432	24.90
16857996	26.00
16861697	107.90
16862132	48.86
16864214	144.15
16869420	288.25
16869452	22.95
16872532	27.33
16872743	1314.58
16891186	25.83
16892675	5113.50
16892831	113.50
16892890	122.60
16893090	176.13
16893332	274.80
16893381	13.15
16893406	308.79
16893538	308.40
16893552	1320.00
16893617	55142.30
16893687	1200.00
16893910	1300.00
16895206	6035.71
16896587	101.15
16898425	527.19
16899165	54919.35
16900266	2.80
16903040	30.60
16903052	1194.33
16903324	173.33
16910248	20.33
16911105	124.20
16913575	37.65
16913597	12.47
16915812	95.14
16917590	91.70
16917928	25.00
16918040	26.57
16918183	98.70
16919301	32.59
16920031	129.00
16920115	29.62
16920209	109.67
16921094	51.67
16924981	5.77
16925168	1235.00
16925720	226.75
16928043	1151.25
16929453	79.00
16931648	389.27
16934633	56862.20
16936487	24.39
16936874	22.86
16937167	14.58
16937287	129.30
16937780	36.37
16939119	37.15
16939568	57.24
16939754	175.15
16940666	1056.80
16940679	111.30
16941494	238.00
16943304	72.38
16944479	189.10
16947064	3216.22
16948427	463.25
16948973	541666666.25
16949890	19.77
16949990	13.50
16951448	26.25
16957825	31.15
16958439	15.48
16960675	34.62
16960843	19.70
16961133	71.18
16961691	37.50
16963148	24691358.00
16964287	41.80
16965324	1300.00
16965325	1405.83
16965773	21.62
16967435	198.00
16967687	21.70
16968239	107.38
16969475	1117.50
16970957	5821.77
16971450	1755.33
16971950	87.25
16973171	22.75
16974994	1219.50
16979248	28.62
16980565	23.05
16981754	103.36
16981839	24.00
16982509	127.93
16982739	363.60
16983270	488.06
16983989	166.75
16984029	120.35
16984056	73.00
16987130	107.62
16987357	319.20
16988302	32.95
16988311	25.40
16988532	12.40
16990061	1055.00
16991126	369.70
16991972	123.57
16992384	9340.80
16994140	133.00
16995138	37.10
16996615	37.62
16998339	1165.40
16998340	1121.25
17004026	138.62
17004306	6.90
17005440	37.05
17007080	30.55
17007136	418.20
17007151	385.81
17008429	20.65
17010587	5370.30
17010634	115.00
17010726	106.10
17011484	114.48
17014087	105.55
17015302	108.00
17018675	21.11
17019874	22162.14
17022029	27.05
17022318	442.71
17022371	492.80
17022423	5.75
17023114	132.16
17024222	568.05
17025455	101.86
17026086	1014.65
17026211	24.29
17027236	25.00
17029330	61.40
17029351	32.00
17030451	51.57
17032588	94.25
17034639	156.87
17034709	114.67
17036585	22.80
17036796	125.65
17038185	16.65
17038658	1999.75
17038796	16.80
17038815	92.55
17038897	20.85
17039924	21.14
17040228	28.25
17040229	24360.50
17040371	141.70
17042497	119.29
17042538	22.55
17042937	84.95
17043107	23.75
17043109	24.38
17043791	144.29
17043934	395.00
17044854	21.25
17045045	28.75
17047443	319.81
17051224	89.62
17055358	22.89
17058484	137.45
17058763	24.50
17058860	37.62
17060291	107.33
17061517	69.55
17062479	95.90
17065536	107.92
17067152	20.09
17068949	481.80
17071443	35.65
17072235	409.95
17072569	1337.50
17074175	110.14
17075305	21.35
17077326	20.80
17078409	7.89
17079370	21.19
17079591	1339.90
17080808	44.17
17081183	59.00
17081826	435.67
17081866	134.44
17083549	144.90
17085230	1269.45
17085644	403.75
17086086	1260.00
17086483	367.25
17087237	27.15
17088509	385.67
17090046	1214.29
17097283	29.86
17097456	86.29
17099724	20.27
17100065	135.95
17100488	9.76
17101119	23.12
17102390	1010.19
17106029	58.52
17107255	156.35
17107791	78.23
17111448	20.80
17113312	11.29
17114368	45.75
17114370	14.20
17115197	417.08
17116148	49.60
17116773	37.60
17119076	27.55
17120932	228.43
17120936	159.70
17122098	68.00
17124347	5.05
17125058	113.29
17125188	19.55
17126653	21.38
17129084	22.50
17129455	1412.50
17130115	22.00
17131758	152.15
17132891	1247.50
17133423	423.90
17140319	21.50
17143791	136.33
17145918	121.70
17148152	135.48
17149486	7.00
17151897	2864.86
17154646	93.37
17155091	6057.90
17157363	30.15
17157421	90.06
17157643	111.19
17161517	21.38
17169221	5.00
17169542	50.94
17174048	413.93
17178261	29.05
17183757	67.30
17184832	21.29
17184865	19.85
17184941	21.65
17184999	24.25
17185472	None
17186506	1316.35
17193725	109.55
17193737	72.15
17194037	20.45
17199993	676.40
17200736	19.55
17202151	1429.65
17204636	33.95
17205127	370.20
17205195	20.73
17209715	58.50
17212389	118.24
17213504	99.50
17214991	20.76
17216139	96.45
17217109	97.89
17220493	40.00
17220534	37.14
17230587	37.08
17230896	1233.33
17232836	1048.50
17233732	352.85
17236778	36.30
17236940	34.55
17240371	130.45
17243763	31.90
17244165	7.40
17245012	983.86
17245138	1615.25
17247440	988.45
17248279	6638.00
17249200	26.90
17252426	1277.50
17253585	388.30
17254081	124.00
17254087	3308.20
17254235	155.75
17256648	2227.56
17256864	3664.20
17269468	120.47
17270642	104.50
17270970	14.70
17274395	50.00
17276068	415.95
17278752	14.95
17280667	50.30
17283345	114.40
17286923	109.47
17293210	26.67
17294619	238.50
17299636	23.95
17300102	22.55
17300838	54.15
17302331	68.12
17306947	16.40
17308369	108.08
17315741	27.43
17318502	2011.00
17318797	18.78
17319804	36.70
17321672	88.05
17321989	24.67
17322111	3.50
17322444	406.55
17322757	121.50
17323336	23.50
17323626	12.60
17323874	1971.86
17327310	10.12
17327992	25.00
17328408	56.10
17334245	123.75
17335850	50.00
17337964	101.95
17339426	335.75
17339695	38.40
17346533	7303.73
17351291	13.55
17351600	114.60
17351828	None
17356639	59.55
17365331	13.20
17365395	22.14
17369667	50.35
17370045	4.79
17375170	50.38
17377246	343.10
17377849	306372.33
17378074	8503.15
17378140	29.00
17378941	1650.00
17379639	1525.00
17379993	6.30
17380834	1342.50
17381212	4.92
17382511	37.22
17382598	31.30
17383288	29.52
17385075	1567.86
17387825	106.48
17392459	100.21
17394830	6826.14
17395661	65.37
17396367	26.00
17398689	88.25
17399352	92.57
17400925	27.75
17401183	58.90
17416832	26.33
17417644	355.48
17419052	3577.60
17420663	1494.25
17427407	1232.50
17428360	993.75
17430415	377.80
17433347	2415.67
17433694	25.38
17435319	31.18
17435481	1669.25
17439023	157.45
17439970	47.15
17441199	80.30
17441855	6.80
17444730	114.67
17446122	74.71
17446170	109.95
17446725	98.50
17446933	4.56
17447859	99.48
17448930	35.54
17449194	1397.50
17449600	139.30
17450250	426.80
17450430	283.27
17451974	30674.55
17452056	68.38
17456024	95.15
17461839	36.11
17463173	1530.00
17464444	4427.40
17465462	5.00
17466599	96.75
17468204	9.55
17470002	143.80
17470428	5659.14
17471611	6562.70
17473148	40.85
17476933	9.83
17477236	80.93
17477282	113.45
17477848	124.40
17479159	5628.10
17479810	217.38
17481003	7.85
17481718	174.43
17484138	26.35
17484875	31.67
17487870	80.24
17487948	42.50
17490210	872.83
17490482	22393.95
17491010	31.29
17491860	29312.37
17493127	99.10
17493777	4048.67
17496656	383.35
17498667	21931.40
17499082	25.00
17501225	4112.50
17501586	87.80
17511202	14.50
17512204	41.15
17512842	36.05
17517024	88.00
17519256	102.48
17519437	118.65
17519564	32.00
17519731	33.25
17520073	35.45
17520107	45.24
17522209	680.00
17526051	191.35
17526890	21.50
17528894	19.65
17530037	79.30
17532892	3.64
17534903	72.11
17536582	15.48
17536708	211.05
17539111	1035.00
17547317	99.50
17547619	91.50
17547992	47.62
17550078	115.50
17550780	501.25
17556878	85.48
17559383	351.38
17560614	35.45
17561581	109.09
17564698	43.36
17565359	35.00
17565694	4.25
17565749	78.45
17566520	66.29
17566962	185925.67
17566995	175640.92
17569372	10.88
17574166	28.70
17577344	4448.05
17578724	53.89
17582092	26.17
17584735	118.81
17586558	133.52
17587199	60.10
17588528	3521.11
17592171	91.15
17595052	24.25
17601309	142.60
17604635	30.60
17607693	99.75
17607833	107.70
17608191	203.31
17608414	257.17
17609624	101.50
17619711	109.84
17619749	15.15
17619847	18.50
17622298	115.00
17623068	1236.48
17624228	337.06
17624443	102.62
17626185	25.11
17626948	1059.91
17627603	30.90
17628003	16.00
17628178	15.05
17628711	9729.47
17631695	25.00
17632436	103.25
17634597	59.44
17635584	1074.33
17635590	40.00
17635920	33.80
17637709	81.65
17645984	20.35
17646170	53.79
17646199	14.00
17646706	112.50
17647775	27.56
17648124	93.20
17648262	833.45
17648479	1434.15
17648784	82.00
17649555	113.70
17650709	1104.05
17651331	166.90
17651820	1536.78
17655387	9001.28
17655956	4001.15
17659985	365.15
17661517	116.86
17662929	7.24
17663267	7388.67
17663708	121.71
17665047	128.90
17665703	547.90
17666231	5176.62
17670229	916.21
17671110	342.15
17672143	6521.60
17672983	22.00
17673620	265.30
17676239	60.30
17676665	665.00
17676762	280.25
17676790	18.35
17676873	436.86
17678211	148.80
17687110	112500.00
17687627	85.50
17688701	10.50
17689777	1250.00
17691795	30.75
17693269	76.67
17694478	5.25
17694715	47.48
17697843	17.15
17701130	52.30
17702319	10.62
17703645	8.85
17704095	106.20
17704625	22.22
17704990	28.35
17706341	11.25
17707964	2852.25
17707981	22.25
17709066	94.40
17710781	25.00
17711977	2062.45
17712000	3485.95
17712861	26.67
17713965	162.85
17716258	4.71
17716525	8.75
17716855	30.11
17717036	8.70
17717434	53.75
17722515	34.00
17723100	8782.30
17734167	104.68
17735031	31.90
17735172	64.10
17736493	30.75
17736890	1337.50
17738073	8305.00
17738135	94.05
17738784	103.48
17740462	139.80
17741663	36.85
17742216	14090.45
17744110	33.67
17749053	51.75
17750546	None
17751594	40.42
17751703	41.75
17751828	22.60
17755009	315.90
17759631	46.14
17760302	46.92
17762331	10.60
17764157	170.00
17765964	35.75
17773458	563.67
17779871	82.59
17780358	11.40
17781057	30.00
17781103	123.62
17783863	5.19
17788013	123.79
17788150	405.22
17788546	6.52
17791744	27.15
17794144	28.35
17794245	25.90
17795787	123.95
17798729	1112.67
17800052	31.80
17801172	313.60
17802872	27.26
17802921	20.00
17803236	544.20
17803470	32.22
17810258	46.05
17810623	288.65
17813252	22.55
17813560	25.56
17813885	14.45
17814182	28.00
17815053	24.17
17816654	29.25
17816701	28.00
17823019	365.65
17825820	126.67
17826852	99.38
17828234	8944.85
17828557	89.75
17828568	319.00
17832137	116.33
17834132	41.10
17835639	486.10
17835778	1400.00
17836275	130.40
17840366	42.52
17840819	23.50
17841117	222.30
17842436	22.06
17843027	34.57
17843260	71.53
17843971	6921.90
17844016	5999.71
17844218	1300.00
17845631	None
17848756	124.38
17849061	1300.00
17850618	19.76
17851428	5.00
17853396	46.05
17858128	139.52
17858183	203.33
17859131	34.25
17859220	33.86
17867319	20.50
17868505	35.14
17869266	21.20
17870466	22.93
17871322	125.25
17873225	77.67
17874753	32.42
17876650	2347.80
17876863	26.05
17880249	95.35
17880305	36.53
17880613	433.10
17880652	7450.14
17882189	37.10
17884653	1027.92
17886436	304.69
17887994	83.59
17888954	32.65
17892473	24.64
17894122	63.30
17895616	3688.60
17896140	21.19
17897140	130.75
17900103	1431.50
17900109	68.45
17900144	129.71
17900647	50.14
17901685	72.71
17902959	60.21
17903118	56.24
17905092	169.05
17906472	23.95
17912851	273.00
17913867	87.05
17914684	35.06
17915751	65.33
17916307	71.15
17916312	37.05
17917334	136.29
17917751	22.70
17918624	18.35
17919539	56.24
17919871	45.67
17920138	75.14
17924922	108.33
17925558	120.00
17926160	112.11
17926881	56.15
17927154	20.80
17928487	25.00
17928623	1520.00
17930117	92.50
17932812	20.35
17934833	14.35
17937052	20.80
17937207	324.25
17937868	34.06
17938119	108.40
17939277	67.71
17942548	19.80
17942959	316.45
17944001	19.67
17946159	150.60
17946900	144.29
17947750	None
17947954	23.75
17948611	37.33
17949593	109.00
17956299	12.05
17956789	82.67
17958250	86.00
17958540	21.15
17960115	25.05
17960154	85.50
17960943	49.54
17963804	35.00
17964292	98.38
17965004	36.47
17965303	273.50
17965490	52.19
17965677	127.05
17966272	32.48
17966538	28.33
17966646	1141.67
17967198	89.70
17968028	27.76
17968441	164.75
17968632	97.30
17970208	61.05
17970878	115.45
17975546	123.35
17976865	27.00
17977124	70.40
17979261	24.35
17981290	39.00
17981347	19.72
17981709	31.25
17982104	24.83
17982924	33.14
17984220	70.60
17987235	113.55
17989810	235.43
17992900	32.43
17994313	40.42
17994617	61.30
18000901	98.85
18001239	244.60
18001548	66.45
18001916	38.90
18004914	36.67
18005821	11.10
18006069	35.00
18009731	43.90
18010346	59.76
18011025	130.14
18011690	123.10
18012739	126.50
18013386	291.35
18014197	21.60
18014567	162.78
18015359	88.57
18016049	34.76
18016470	453.87
18016775	2590.50
18016990	74.67
18018313	94.83
18018574	44.57
18018761	28.75
18019662	110.30
18020828	33.81
18021366	29.76
18022359	1207.50
18022494	48.05
18022751	21.75
18023096	60.10
18024305	32.86
18024511	19.24
18026383	184.00
18027206	45.40
18027607	33.33
18028452	2850.00
18030502	83.35
18032315	226.60
18033982	69.24
18034231	27.46
18034781	15.56
18035950	24.17
18036478	115.91
18036934	35.38
18037256	70.19
18037400	22.75
18039512	19.86
18046161	19.75
18046486	61.15
18048865	81.33
18049522	30.14
18050134	94.10
18050196	35.91
18050272	38.00
18051099	6.30
18051295	40.20
18051553	647.76
18053589	59.33
18054080	31.50
18055030	20.90
18055977	90.90
18056235	32.75
18056559	117.07
18056631	81.64
18056909	36.45
18057003	101.40
18062155	202.40
18063949	235.55
18065125	100.00
18065788	136.57
18066999	4.50
18067544	121.25
18067569	1525.00
18069230	20.00
18069662	27.86
18070590	81.60
18071764	95.75
18072609	3080.25
18073412	36.48
18073447	1287.50
18075271	316.60
18077482	358.58
18077751	78.73
18077873	32.45
18078263	76.75
18078433	107.15
18078711	139.19
18080381	76.57
18080479	4.69
18081966	2142.31
18082207	19.68
18082603	31.95
18083904	345.55
18084763	27.95
18085518	118.90
18091903	93.35
18092574	22.33
18093595	54.05
18094479	80.71
18095095	112.08
18096741	120.14
18097569	12.65
18099108	36.23
18099431	35.19
18100687	69.40
18101473	113.50
18102445	86.30
18102525	109.75
18103722	31.29
18105315	20.60
18108456	28.35
18111752	30.70
18112128	66666.00
18112689	32.05
18114151	70.50
18114692	282.15
18114857	24.76
18115055	1688.33
18115523	None
18116119	22.60
18119613	87.86
18121387	108.10
18122815	156.50
18123632	9.45
18124493	49.45
18125107	25.76
18126057	20.20
18127511	24.75
18127587	77.10
18128995	None
18129043	87.33
18129157	37.73
18135928	2248.70
18136913	86.70
18137182	30.86
18139911	83.33
18140224	6.50
18141266	18.33
18141306	126.86
18142392	35.11
18142921	7.15
18143900	21.80
18147934	76.00
18148329	50.30
18151022	30.00
18151236	21.90
18151430	48.50
18151445	49.05
18153587	132.30
18154488	12.00
18156547	159.71
18158344	51.75
18159884	21.55
18160434	None
18162408	45.71
18162617	138.50
18164578	32.77
18166067	41.00
18166757	75.09
18167587	101.14
18172125	29.00
18172299	39.50
18173645	1343.75
18175798	264.67
18176051	21.50
18182898	103.65
18187379	5.33
18191805	24841.75
18192062	197.67
18192826	99.86
18193326	94.00
18198231	38.94
18199750	111.90
18199868	77.55
18199993	1009.00
18200051	99.94
18201257	31.25
18205040	29.50
18205970	105.48
18208165	90.90
18208197	106.17
18208348	38.10
18209530	1056.82
18210909	189.18
18211094	16.00
18212367	7.25
18212799	408.30
18213220	19.22
18214061	49.50
18214207	101.77
18214241	28.67
18214378	241.20
18215043	176.79
18216030	79.24
18216091	25.15
18217102	43.40
18217583	657.85
18217732	25.26
18219139	70.12
18220386	20.95
18220514	133.15
18226332	76.74
18228912	20818.90
18229080	53.00
18229189	79.30
18229647	159.90
18230882	1302.90
18231295	109.90
18232828	238.60
18232847	47.40
18232879	29.92
18235763	92.19
18235971	1911.27
18235984	23.00
18236627	105.75
18236631	21.06
18237303	177.25
18237367	24.11
18239653	23.85
18239693	85.43
18240851	85.31
18241594	28.70
18241781	82.57
18242187	38.10
18242456	1095.00
18242482	56.81
18242700	21.35
18242826	31.43
18245901	1100.00
18247943	374.86
18249828	39.05
18249980	1139.58
18257207	1340.00
18257974	24.43
18258928	16.00
18259445	41.45
18260084	52.95
18260380	53.00
18260804	31.38
18263566	47.13
18264179	111.15
18264428	21.00
18265598	71.50
18265660	107.20
18266413	544.60
18267161	888.00
18267484	98.40
18267941	23.65
18269009	84.10
18270274	93.33
18270318	41.25
18270487	72.10
18277246	35.33
18277254	484.50
18277943	41.60
18278352	61.00
18278492	107.74
18278855	44.35
18279736	227.77
18280073	124.13
18281062	97.10
18282813	25.75
18288546	47.20
18289728	119.85
18290684	52.33
18290948	1647.47
18291908	45.14
18292609	107.95
18295189	86.00
18295587	37.25
18296304	91.75
18297710	32.33
18300357	111.00
18301870	27.90
18303668	218.75
18304069	57.50
18304597	99.75
18304624	339.05
18304956	13.24
18307115	83.80
18307686	87.45
18308299	1050.00
18309915	32.67
18310460	59.17
18310846	484.40
18311026	119.15
18311151	23.25
18313932	21.50
18314574	25.80
18316117	46.60
18324895	57.14
18325623	93.60
18325846	74.29
18326274	393.00
18326312	22.75
18326454	69.82
18327442	51.40
18327444	93.00
18328834	29.62
18330630	8.55
18331934	33.33
18332355	11.00
18332765	88.05
18333149	42.00
18333718	46.23
18335390	77.14
18335524	46.33
18335750	76.25
18336464	16.18
18336563	55.00
18337063	124.45
18337563	104.18
18338665	98.57
18341838	32.80
18341923	428.95
18342174	39.50
18342837	31.85
18343070	64.05
18343132	33.75
18345770	69.30
18347571	1125.00
18348418	27.50
18349818	86.43
18350100	31.50
18351341	54.67
18353114	117.05
18353836	80.85
18354509	65.05
18355461	25.56
18355511	48.33
18356562	49.14
18357231	31.95
18357977	145.43
18358266	46.67
18364539	22.75
18364561	39.81
18364603	27.40
18365476	2994.30
18365619	3206.64
18366919	34.85
18367307	43.67
18369610	26.50
18373015	20.33
18373494	98.00
18374060	109.35
18374613	209.60
18375487	284.65
18375528	16.45
18377690	319.05
18378306	310.75
18378328	1265.62
18379482	83.24
18383409	96.60
18383454	26.50
18386724	50.48
18386926	40.00
18389390	42.65
18390504	20.75
18390693	58.50
18393027	511.35
18396372	1158.75
18406055	6448.50
18409372	21.15
18409611	21.25
18409722	46.65
18412616	114.00
18414153	54.10
18414189	19.94
18414364	4168.75
18416649	132.15
18419321	1400.00
18419406	193.67
18419963	50.95
18420934	78.40
18427724	140.15
18428700	25.30
18431104	96.62
18437349	106.90
18438586	7263.50
18439425	185.30
18440455	464.70
18440564	780.70
18440658	97.50
18440721	137.09
18440760	19.71
18443740	22.50
18444609	21.65
18444725	92771.25
18446290	18.50
18446311	35.68
18446331	36.19
18450777	168.40
18451227	327.80
18452044	47.00
18452356	36.00
18454174	36.07
18455411	6.80
18456206	333.00
18456255	33.90
18456838	213.25
18457152	25.36
18458268	60.40
18460301	3369.25
18461180	35.24
18461642	79.15
18462092	44.90
18465499	142.43
18466264	163.00
18471616	1182.50
18474042	35.00
18475800	30.90
18478191	32.90
18478919	166.00
18479526	98.55
18480119	426.00
18480149	124.70
18480853	161.60
18480999	301.48
18484401	330.71
18484642	1187.38
18485472	304.05
18486376	128.10
18486675	260.50
18488487	598.75
18489683	58.25
18498953	8.10
18499515	34.00
18501113	289.10
18502014	124.17
18502590	87.35
18505206	50.55
18505551	74.85
18507148	76.45
18507154	68.76
18508501	87.15
18508574	98.73
18516637	149.76
18516692	19.62
18516946	105.65
18519231	46.50
18520288	18.58
18520443	1017.45
18522178	115.50
18522298	295.67
18525154	7.75
18526112	113.65
18526214	117.78
18527104	5027.50
18527290	9289.67
18528063	67.65
18528401	138.40
18528638	1300.00
18529067	1231.25
18529094	41.76
18531466	39.47
18531603	38.30
18531781	1200.00
18532143	33.42
18533595	1250.00
18535866	106.24
18535903	139.40
18538244	77.00
18538298	123.24
18539713	22.57
18539957	102.62
18540256	81.29
18542198	140.70
18544564	130.00
18544826	36.20
18545350	5.62
18545701	145.38
18546202	96.90
18547617	71.00
18548172	1389.29
18548246	28.94
18560894	31.00
18562934	32.11
18568585	162.80
18569326	956.55
18572715	64.05
18575190	962.50
18575842	78.90
18577800	2.71
18578227	202.00
18580278	256.57
18580404	5.05
18581793	78.25
18585217	1203.75
18586567	74.30
18586694	37.05
18589158	125.05
18593087	1220.45
18593361	136.70
18595271	30.65
18605663	36.52
18607567	8.90
18610229	57.09
18610700	409.50
18611515	None
18612259	1242.50
18613513	33.89
18614227	538.17
18614436	17194.15
18614678	57.29
18615001	44652.25
18616547	17610.26
18620379	28.75
18621668	37.78
18622706	63.75
18624719	26.67
18628596	58.95
18630837	89.67
18635018	69.90
18635428	7180.05
18637125	115272.65
18637193	34.75
18637887	22.48
18638327	67.05
18648700	190.00
18649048	46.29
18649794	20.24
18650118	278.85
18652379	638.71
18652604	31.39
18653689	130.21
18655136	92.70
18655542	549.00
18655587	107.60
18659071	24.00
18659114	175.89
18663714	65.50
18665183	9.27
18665307	29.52
18665532	1158.12
18665979	55.95
18667605	10.35
18667710	42.76
18668713	27.05
18668772	31.19
18669050	1977.40
18671016	160.06
18671135	67.90
18672495	8.35
18673924	31.00
18675219	85.40
18675265	74.43
18676640	91.65
18676641	37.50
18676685	35.70
18676733	1300.00
18676817	376.20
18677753	170.00
18682833	1924.78
18683242	64.52
18685405	19.78
18686731	59.67
18694804	116.86
18695463	140.90
18698530	58.00
18700979	1093.36
18702212	103.95
18703958	57.00
18704476	42.86
18704851	121.75
18706730	54.75
18708045	66.05
18708239	19.45
18709554	45.00
18710759	68.88
18711196	10.19
18713466	148.55
18714011	63.86
18716576	884.60
18720444	399.25
18721056	64.65
18722167	59.95
18722933	497.85
18724699	6947.10
18726536	86.05
18728115	71.38
18731763	14.08
18733366	25.69
18735191	64.81
18736500	71.55
18738866	121.15
18738966	341.50
18746518	12.33
18747293	326.85
18753198	23735.60
18756604	78.33
18757852	83.48
18760342	88.21
18760594	25.67
18760610	28.80
18762185	10.50
18762636	34.00
18763083	4.15
18764500	60.00
18766497	154.88
18768654	34.36
18769520	24.52
18772789	1055.16
18774084	36.05
18774237	None
18777529	21.25
18778515	33.85
18781051	94.95
18781229	7.69
18785017	53.55
18787243	302.10
18789942	119.56
18790341	29.17
18790736	89.33
18801101	39.19
18801987	4.70
18803109	5510.80
18803470	49.47
18807022	9.93
18809596	43.57
18809831	22.17
18810157	93.73
18810992	54.57
18811446	55.50
18812603	70.00
18814306	23.75
18814805	13.33
18816763	37.35
18817946	52.90
18819023	385.25
18820636	70.16
18821381	104.29
18823253	31.00
18823902	113.79
18824469	28.25
18826247	59.35
18827335	41.91
18827581	108.71
18828039	None
18832341	35.52
18833876	22.25
18834023	20169.15
18834312	17.67
18834673	31.43
18835667	49.25
18836379	86.86
18836395	55.20
18837608	43.05
18839407	71.67
18840293	32.71
18842147	50.33
18842194	98.75
18842322	18.25
18842454	88.81
18844476	20.90
18845310	80.00
18846793	46.40
18847566	18.10
18855156	33.86
18855301	32.24
18855689	16.09
18855837	40.48
18855878	100.92
18857886	304.75
18858674	29.52
18859061	1643.57
18859570	813.85
18862168	38.10
18862326	73.67
18863438	898.30
18863892	84.05
18863966	137.62
18865830	34.44
18865929	79.14
18866358	82.95
18867301	122.10
18867908	6.90
18868108	23.18
18872243	89.25
18873581	25.50
18873980	50.90
18875144	183.40
18875763	116.33
18876088	22.14
18878245	82.60
18878840	100.55
18879915	108.25
18880847	1300.00
18881199	28.30
18881910	40.25
18881981	73.55
18884733	42.71
18884891	33.57
18885274	38888.00
18887047	6975.33
18889666	404.19
18893702	131.00
18897459	69.00
18901850	68.20
18911434	25.00
18911608	277.50
18911668	68.44
18912247	20.80
18912411	46.30
18912654	30.56
18912988	5.80
18915178	103.40
18916846	91.40
18917078	35.00
18917470	86.60
18918038	90.17
18922544	9.33
18923942	84.67
18924882	25.00
18925198	31.47
18926760	29.25
18932344	21.08
18935827	22.71
18936944	417.92
18937625	1757.50
18938226	78.30
18940425	22.95
18940634	17.75
18941337	84.55
18944355	5657.05
18946571	121.85
18946575	34.00
18948032	76.35
18949427	22.40
18951829	50.90
18955047	92.45
18956727	113.44
18958420	21.25
18958811	51.10
18960954	51.67
18970012	8094.86
18972104	25.15
18973422	16.19
18973565	24.75
18973994	21.24
18974043	250.00
18974050	59.81
18975758	18.33
18978280	89.53
18979158	11.90
18979516	62.40
18979645	157.75
18981808	31.43
18982263	115.50
18983427	23.29
18985390	4160.11
18986116	6383.70
18990948	30.00
18991051	25.00
18993072	97.45
18995920	1562.36
18996576	2125.11
18996713	86.29
18997080	788.30
18997843	2122.88
18998776	19.60
19000608	23.35
19000977	91.71
19001500	85.86
19002699	96.65
19002852	23.05
19006314	41.14
19006607	99.00
19007362	122.14
19007457	78.95
19008922	39.00
19009083	60.50
19009506	40.10
19009527	38.75
19014339	21749.55
19015439	150.67
19016920	32.75
19017967	45.57
19018040	71.25
19018047	93.65
19018864	16.38
19019373	1100.00
19019385	57.86
19019653	68.05
19019777	88.43
19019800	70.52
19020207	76.60
19021451	83.00
19025044	128.92
19030530	173.27
19031524	11.67
19033177	87.23
19034780	65.44
19035593	633.00
19036084	80.52
19037861	63816.08
19038700	59.05
19039154	38.33
19039342	17.56
19039925	12.24
19040360	149.40
19040634	506.45
19042308	26.85
19042859	5.92
19046986	84.93
19047535	6998.24
19050062	73.24
19052122	None
19053639	27.45
19054379	87.17
19054423	112.10
19057684	4557.60
19061662	22.00
19062872	73.10
19063393	107.45
19065406	20.25
19070205	11.33
19070455	37.70
19070983	107.12
19071676	50.00
19072327	33.78
19072683	1139.05
19073137	68.95
19074416	22.50
19075251	23.20
19077395	3000.00
19078545	9.05
19079211	20.95
19079749	53.81
19081384	38.65
19082092	62.07
19082262	61.25
19082390	21.20
19094450	1933.05
19094639	3381.00
19094913	None
19094917	5497.36
19095287	5777.11
19096173	37.50
19096688	112.12
19096712	154.00
19096801	138.00
19097917	4.94
19098237	35.00
19100515	117.14
19100680	43.40
19100951	399.16
19104045	41.57
19104209	12.00
19105532	None
19106185	8.00
19106404	130.00
19110075	36.20
19117631	1442.50
19118081	20.54
19118173	123.10
19118711	30.00
19120319	19.50
19121975	43.35
19122306	20.67
19123747	341.25
19124215	116.48
19124839	30.75
19127965	82.70
19129386	127.25
19130313	67.40
19130640	11.75
19132824	23.44
19134854	25.35
19136232	116.80
19139034	31.35
19146419	64.25
19148198	23.71
19148359	519.35
19148390	339.55
19150762	22.45
19151215	12.10
19151778	142.62
19152363	47.83
19152927	28.64
19153971	43.29
19154526	144.71
19164758	49.00
19164769	30.38
19164785	47.62
19165308	183.00
19165371	203.29
19165579	16.10
19167076	2.00
19167272	1240.48
19169974	38.38
19172916	987.65
19173638	311.85
19175023	60.43
19175356	76.90
19181713	31.25
19183122	80.75
19187821	166.67
19187854	133.75
19189164	944.22
19190204	71.33
19192384	76.14
19198809	90.71
19199589	24573.57
19199838	39.12
19199911	114.75
19200826	102.10
19202112	66.75
19206763	138.95
19207641	338.33
19207701	35.00
19208713	20.60
19209143	28.44
19209935	24.65
19210872	59.60
19212980	77.05
19214590	1300.00
19216064	17.50
19216524	405.50
19216980	20.30
19219102	152.55
19219796	94.90
19220154	31.50
19220953	20780.40
19221542	63.12
19222276	111.48
19233762	19.05
19235615	78.05
19236943	141.35
19238166	138.86
19240593	21.30
19241264	25.60
19241582	38.14
19241599	1120.00
19241737	1166.60
19243028	125.05
19243816	97.15
19243849	407.15
19246859	32.33
19246889	86.10
19247372	35.86
19247577	155.25
19248085	430.93
19248207	55.00
19248866	87.55
19249377	20138.50
19249958	21.25
19252757	83.90
19255218	10.30
19255252	37.75
19258430	99.95
19259244	269.20
19259679	950.52
19260359	708.71
19261018	213.95
19268424	189.38
19268522	20.19
19268680	76.77
19270916	85.11
19271243	172.83
19271840	401.35
19271976	181.50
19272545	86.60
19272677	56.00
19272814	101.60
19272913	75.40
19273268	49.25
19273740	30.48
19274248	15.00
19275602	None
19277619	74.48
19278570	95.11
19278951	66.25
19280005	90.25
19281083	64.29
19281166	164.00
19282770	74.85
19282879	185.00
19283048	1240.00
19284758	64.10
19286551	67.38
19287144	7952.50
19287629	87.24
19289869	78.42
19291977	35.71
19294696	354.40
19307039	None
19307203	43.57
19311160	73.93
19311275	4.50
19311383	9370.00
19315566	None
19315995	106.31
19318059	42.05
19319123	19.20
19319167	47.65
19320064	93.50
19322627	136.29
19326061	1633.33
19326510	60.75
19330036	50.43
19330191	100.75
19331124	21.71
19331580	96.90
19331693	91.80
19332120	99.80
19332745	26.00
19334026	12.76
19334136	1338.25
19334726	155.67
19334732	83.90
19334833	1379.41
19335890	69.60
19335936	140.85
19337697	141.33
19338072	120.95
19338164	102.00
19338992	88.30
19339015	97.17
19339284	101.91
19339333	60.00
19339398	2457.20
19340142	305.45
19340284	32.00
19340719	103.60
19342820	10.00
19345458	90.45
19345686	143.95
19346169	31.45
19346772	116.55
19347270	56.57
19347709	94.95
19349971	18.40
19350162	123.80
19350828	73.42
19351341	38.00
19351454	93.15
19351743	385.55
19352592	54.20
19354396	112.25
19355598	5622.57
19355720	1066.67
19355791	1400.00
19357464	361.65
19357588	269.52
19357619	25.75
19360131	86.30
19360394	85.85
19360995	83.37
19361368	67.22
19361431	70.64
19362790	28.57
19363226	126.43
19363255	112.40
19363975	86.36
19364021	32.25
19364122	61.90
19364155	130.50
19365229	26.67
19374532	1089.29
19374652	75.30
19376254	117.57
19377808	1445.81
19378396	119.35
19378785	48.20
19380457	95.95
19380632	226.35
19380711	33.55
19382684	107.22
19385855	4.92
19389630	79.24
19390201	31.78
19393265	21.50
19395272	85.90
19396891	84.71
19396973	82.78
19398756	734085.35
19398891	122.85
19399618	39.29
19401153	34.15
19401263	23.95
19401923	123.83
19402231	17.05
19404062	42.90
19406433	43.00
19407155	7241.15
19409989	27.00
19411140	136.29
19411298	105.95
19411352	72.23
19412240	300.00
19412322	74.69
19414398	124.00
19416522	75.50
19417863	74.26
19421353	5495.50
19423108	59.58
19424605	59.50
19425036	157.30
19425443	78.15
19426671	36.43
19426846	None
19430191	72.24
19430342	7388.50
19431182	853.25
19431881	65.00
19444580	112.27
19444940	7618.21
19445002	6957.90
19445755	57430.50
19446478	131.29
19449374	28.00
19449903	35.00
19452166	52220.35
19453388	44.25
19453880	6147.44
19454175	1245.00
19458374	4.90
19459050	29.00
19460679	522.30
19462111	54.38
19462962	135.25
19468349	72.14
19468451	94.43
19470969	52.67
19475822	332.52
19477369	26305.19
19478801	77.20
19484395	86.70
19485319	126.80
19486485	36722.00
19487952	33277.50
19488043	24828.42
19489693	37.31
19491841	56.65
19502324	268.25
19505274	30.00
19537936	136.62
19544341	8.00
19553052	20.70
19554145	29.25
19554147	1136.84
19554896	102.55
19556170	1311.69
19568535	37.75
19581214	33.45
19583662	16.67
19583878	51.31
19584500	31.58
19585071	37.90
19585682	1040.80
19586297	24.85
19589149	225.78
19589418	10.85
19589691	6263.10
19591419	280.70
19592576	120.24
19593066	41.05
19593119	40.00
19593645	23.81
19595335	580.33
19595374	15.53
19595496	59.45
19595598	57.43
19597476	100.75
19597797	150.93
19598172	109.90
19601505	77.67
19601610	5.29
19602582	68.00
19602704	26.29
19604612	31.78
19605665	5.15
19607586	25.65
19609215	24.92
19610480	27.33
19612949	71.61
19614150	6.20
19614547	64.45
19617071	1078.57
19617831	281.50
19622342	120535.71
19625324	59.00
19625449	6323.95
19625458	26.38
19626794	268.00
19632035	347.40
19635920	361.30
19636921	31.25
19637388	6164.65
19638217	4.80
19639090	241.75
19640415	5.64
19640531	21.33
19641806	54.76
19641986	23.50
19667345	65.83
19674710	4.43
19676081	139.82
19678616	83.50
19679390	33.00
19680312	79.00
19685953	1625.00
19693852	88.50
19696535	117.69
19696790	79.00
19698204	33.50
19699016	22.60
19699685	131.85
19701382	40.31
19709878	176.38
19710211	7055.33
19715197	7425.67
19719487	3062.50
19720202	3.83
19720813	105.00
19728488	59.25
19729730	68.10
19729785	81.50
19732999	6024.38
19734319	914.76
19736326	156.29
19738231	24845.22
19739821	32.53
19739957	15258.05
19740359	34.70
19743993	3555.33
19744264	36.56
19744945	None
19745008	57.80
19749986	20.83
19750244	27.95
19750900	91.19
19756310	1187.50
19756972	1210.71
19758222	116.90
19758346	3.67
19758835	24.50
19765007	464.29
19766371	10.52
19767458	966.67
19781411	78.11
19781605	24.87
19783004	46.37
19783998	53.50
19786630	117.45
19786970	150.46
19787082	71.60
19787738	2197.88
19789873	8327.20
19791154	6561.65
19791676	7462.90
19795527	23.00
19796338	116.15
19796872	91.86
19797271	24.09
19798834	5.45
19803951	266.68
19805115	69.95
19806607	25.75
19806716	41.00
19807138	217.00
19809108	210.85
19809139	30.76
19810270	63.62
19811151	330.57
19814023	71.86
19816772	22.43
19818492	346.70
19818670	21.67
19821657	55.80
19822998	318.20
19825472	14.25
19825568	1155.00
19827066	38.35
19827135	22198.75
19827241	124.75
19828617	6463.40
19830447	74.19
19832402	2960.00
19833088	56.36
19833508	23.65
19834152	488.41
19836265	22418.00
19836617	19509.47
19836706	67294.50
19837358	26416.25
19840613	85.60
19842021	17.85
19842524	1192.22
19854894	25.25
19856829	416.00
19857161	23.60
19857224	103.33
19857230	17.83
19857539	67916.64
19857984	266.36
19859587	1349.90
19860437	192.30
19863249	1451.35
19864712	22013.67
19866673	20.23
19867395	13.48
19877981	17.00
19882053	20.00
19894100	10.18
19895496	155.45
19896252	25.50
19897018	33.75
19898365	31.25
19899190	27.47
19899560	1272.15
19903636	204.00
19903856	477.31
19906336	471.00
19907248	25.83
19908434	26.92
19912471	39.33
19912977	99.74
19919241	36.77
19919485	91.29
19919888	72.90
19920328	None
19920334	127.25
19921711	4722.00
19935213	37.75
19935282	13.44
19935942	16.22
19942818	67.25
19943763	23497.05
19947149	5547.90
19947316	20.60
19950603	30.00
19957503	29.33
19958174	22.07
19958567	1216.67
19961525	156.50
19963059	17.86
19969622	115.25
19970115	91.75
19972201	700.00
19973647	112.32
19975810	143.12
19976049	29.76
19977235	251.80
19978401	31.84
19980031	128.10
19981082	187.38
19984099	94.85
19984135	38.50
19984696	77.00
19985281	158.90
19987976	86.81
19988874	73.33
19990095	15.67
19990236	5.19
19991116	18.50
19991194	16.05
19996114	154.60
20008383	30.10
20008398	27.38
20011140	23.15
20011595	320.50
20015735	63.10
20019241	21.00
20020515	1026.67
20020531	46.90
20029247	31.75
20029738	14.52
20033917	1115.00
20034652	27.71
20041496	10.29
20050849	63.89
20051785	1350.00
20051811	74.17
20053683	73.00
20053896	28.33
20057835	30.75
20061350	26.25
20062810	239.10
20066903	54.90
20067212	116.00
20075857	55.33
20076157	5.88
20077279	22.47
20077337	34.50
20078830	61.80
20078846	37.20
20079329	33.75
20079582	52.95
20080859	58.14
20081003	105.15
20083407	9.35
20084561	362.45
20085088	7384.35
20086587	19.47
20088858	38.75
20090037	2153.57
20091063	437.85
20091289	77.85
20092439	29.26
20095076	38.10
20095448	78.00
20096342	31.50
20096359	7012.55
20096976	93.80
20098076	108.71
20098504	131.73
20102508	4166.67
20108206	92.86
20108596	3.08
20109866	80.43
20110211	189506.11
20110900	33795.83
20115251	44.17
20116033	69.80
20120017	1265.00
20120064	1326.50
20120352	23.75
20120559	90.25
20121678	61.43
20121810	62.86
20121925	51.90
20122536	86.43
20123712	38.85
20125080	211.00
20125709	117.10
20130745	116.00
20131587	23.10
20132463	116.52
20135883	50.90
20136701	525.00
20137708	88.00
20137869	92.79
20138457	25.20
20138662	2250.00
20141074	8456.25
20141887	178.10
20141902	34.85
20158578	2048.65
20158950	942.90
20161134	1725.28
20165139	21.67
20167507	3.55
20174303	470.20
20176614	22.38
20178471	87.95
20185148	42.52
20185567	20.00
20187886	95.75
20188583	372.35
20191283	212.11
20191493	34.78
20191959	210.29
20193186	29.00
20194502	116.33
20195728	182.33
20196273	101.40
20199309	126.91
20206273	344.00
20207099	35.95
20209158	56.00
20221003	1292.75
20221488	39.00
20223877	148.80
20224706	108.25
20225578	20.45
20226456	40.20
20226500	19.80
20239330	3.80
20239745	210.05
20242117	115.48
20242495	119.45
20243118	456.84
20246089	175.20
20252240	12.30
20252940	54.65
20254154	269.75
20254585	10.30
20255193	4.62
20256205	86.61
20259749	149.00
20270639	88.50
20271003	21.75
20274290	70.00
20275203	105.71
20275209	22.50
20279774	34.14
20281681	20.67
20285921	39.67
20286824	19.33
20288150	9874.75
20289297	20.15
20290122	77.33
20295930	15.52
20296098	151.67
20297825	6817.61
20303963	80.50
20305263	24.35
20307490	28.80
20307751	82.60
20308558	10.20
20309556	30.00
20310679	28.25
20311748	92.86
20314336	93.33
20314420	18.85
20329963	35.20
20331200	196.67
20332440	6.60
20342270	114.41
20343723	11.00
20348775	984.40
20353901	1110.00
20360500	154.55
20377038	36.70
20384675	5.85
20386799	6281.22
20387356	41.00
20391772	94.00
20402307	5.76
20412668	260.25
20427114	263.00
20428055	32.76
20435479	1360.00
20444812	70.50
20445755	91.24
20446365	71.32
20446851	162.60
20448865	298.00
20453818	66.85
20456122	352.55
20456153	20.40
20461077	17.76
20461716	135.80
20463728	131.23
20464206	497.17
20467544	10.95
20471431	34.00
20473722	141.48
20474446	153.48
20478980	5.25
20479535	50.90
20492234	85.80
20497343	86.30
20498186	368.33
20507295	1157.50
20507321	1248.95
20511897	96.50
20514959	42.44
20535039	15.67
20546615	23.38
20546740	26.50
20547024	21.25
20547350	22.73
20549920	61.31
20552337	92.74
20554522	62.62
20558266	6784.80
20558368	21.09
20560093	15.83
20560893	26.54
20560904	132.86
20561392	955.24
20561739	110.80
20562513	20.00
20565632	35.95
20565818	83.00
20576178	127.00
20578329	100.50
20580465	78.10
20582589	90.00
20582753	64.00
20583269	6007.90
20583964	356.75
20589263	14380.85
20595261	49.27
20596212	47.90
20598615	None
20599844	21.19
20600353	6.33
20601529	54.40
20602928	18.24
20605942	38.75
20606672	82.75
20610739	19.35
20611017	41.67
20614063	19.25
20631006	47.67
20631672	83.57
20632064	9901.85
20637513	8.15
20640471	388.19
20640983	28.20
20643202	120.00
20645135	23.33
20659836	549.10
20667065	84.75
20670643	33.75
20670645	145.07
20670980	82.00
20680040	36.07
20685246	6.86
20689624	1730.00
20690981	143.25
20694773	175.00
20696518	22.89
20699201	84.05
20703244	26.30
20712430	25.86
20713159	21.11
20713236	140.75
20714066	18.88
20718902	343.25
20722610	24.65
20723723	91.95
20728128	22.50
20728906	24.00
20747136	357.14
20747619	148.35
20752012	7801.30
20753336	23.50
20754809	31.35
20754851	149.38
20755103	1180.00
20755234	30.30
20758878	91.50
20759926	199.20
20770392	19.05
20772546	19.55
20775765	96.65
20775944	13.25
20776495	81.43
20777130	41.26
20777454	66.07
20779232	85.52
20780673	99.50
20780677	945.33
20782483	22.83
20783047	15.60
20783262	14.25
20784583	87.29
20791066	28.07
20793899	25.00
20794802	64.52
20797092	174.52
20806622	67.48
20808681	53.73
20812108	16.65
20818794	25.89
20824090	20.00
20827002	82.10
20830931	30.60
20847123	52.95
20850455	105.10
20851409	73.00
20855238	40.50
20856972	22.33
20867381	23.75
20871578	85.58
20877261	253.29
20878062	None
20881136	18.95
20881369	100.00
20882183	67.05
20883231	152.47
20884285	87.68
20885321	59.50
20889023	79.29
20890186	85.24
20896465	1552.20
20903487	137.90
20903528	124.29
20904168	164.10
20906458	127.30
20908814	5.00
20914703	122.14
20914842	119.80
20916437	106.14
20917570	82.86
20919815	3.74
20920686	106.00
20925858	24846.65
20934446	7414.09
20935199	18.19
20935658	85.50
20935801	151.19
20936939	1055.67
20936997	1065.00
20937108	24.44
20937295	119.48
20938976	147.46
20939794	140.45
20941691	426.25
20957825	163.57
20958822	23.65
20959657	64.47
20963422	20.50
20965280	34.14
20969917	1476.65
20974154	20.91
20974654	18.50
20986204	102.22
20986841	27.62
20991117	21.68
20992863	91.75
20998078	21.58
21002834	33.57
21007101	17.55
21008194	113.35
21010722	19.64
21010744	111.11
21010768	25.00
21011328	25.25
21021629	37.00
21022523	112.75
21022664	50.75
21026313	10.57
21026442	None
21026458	22.50
21026625	None
21028735	21.43
21033048	25.25
21039363	76.95
21039699	30.00
21039865	273.00
21041923	150.00
21042182	22.24
21043413	32.15
21044712	115.19
