6404486	1
6560159	2
6746623	1
6750948	1
6780290	3
6811212	5
6907526	1
7364093	1
7413482	5
7443117	5
7465493	1
7490825	5
7583697	5
7605263	5
7619096	5
7632186	5
7635756	5
7689983	5
7690133	5
7705083	5
7715485	4
7715754	5
7717011	4
7717721	5
7727992	4
7732331	1
7734004	1
7754294	5
7771351	5
7771366	5
7771387	1
7771437	5
7773385	5
7776219	5
7778961	5
7783843	5
7787917	1
7796921	1
7827345	5
7827352	1
7832033	5
7846757	5
7858339	5
7859165	4
7883548	5
7908660	5
7914878	5
7919605	1
7919774	1
7951269	3
7956906	2
7963757	5
7972887	5
7996646	4
8033753	5
8067080	1
8076416	1
8083500	1
8089449	2
8111876	5
8112712	1
8128884	1
8129887	5
8134146	4
8159361	5
8186156	5
8198930	5
8199355	5
8207705	5
8222358	5
8224201	5
8241869	5
8266427	5
8277675	5
8293768	4
8296405	5
8296809	5
8321937	1
8375202	5
8376171	5
8402563	5
8404763	5
8407902	4
8426401	5
8427142	5
8439880	4
8472685	5
8478760	5
8525969	5
8527653	1
8528518	5
8542646	5
8550854	5
8554643	3
8561706	5
8563011	5
8568118	5
8568655	5
8569419	5
8581014	5
8581117	4
8608540	5
8610927	5
8614690	5
8616053	5
8621419	5
8624099	5
8625713	5
8630020	5
8632145	1
8637256	5
8643556	5
8669740	5
8671836	5
8671958	5
8672170	5
8680088	5
8683891	5
8685507	5
8687940	5
8702978	5
8703117	5
8723068	5
8734887	5
8736809	5
8737353	5
8746987	5
8753150	5
8764735	5
8765829	3
8768473	5
8769128	1
8788441	5
8816954	5
8838035	1
8838039	4
8842264	5
8860822	5
8867429	5
8872935	5
8878437	5
8878871	1
8886644	5
8896697	5
8907558	5
8907752	5
8916297	2
8924974	5
8926016	5
8927364	5
8927491	5
8931653	5
8947346	5
8949436	3
8954604	5
8965862	4
8967182	5
9010775	5
9022827	5
9052347	5
9057848	5
9097332	5
9105670	5
9122462	3
9136500	5
9136933	5
9231506	5
9232575	1
9233682	5
9236291	5
9236576	5
9239843	5
9252477	5
9264617	5
9280205	5
9313092	1
9324042	5
9354272	5
9364911	5
9433882	4
9457692	1
9467561	5
9532349	5
9534457	5
9544615	5
9590622	5
9597777	2
9609141	5
9609801	5
9620114	5
9620169	5
9633680	4
9740368	3
9745592	1
9771611	1
9777627	5
9808094	5
9808244	1
9933182	1
9940564	5
9943687	5
10013054	5
10013109	5
10025144	5
10033222	5
10035044	5
10036220	2
10043991	5
10056434	1
10102458	5
10148059	5
10160500	5
10168020	5
10200655	5
10204040	5
10208541	5
10225852	5
10234548	5
10235189	5
10269191	5
10270474	1
10282222	4
10323559	1
10328447	5
10331914	5
10354346	5
10355355	5
10357782	5
10359287	5
10372562	5
10384867	5
10404069	5
10408099	5
10439825	4
10473801	5
10474045	5
10474247	1
10474322	5
10477685	5
10531756	5
10533872	5
10547331	5
10621914	4
10704409	5
10723766	5
10724060	5
10802338	4
10834434	5
10853030	4
10858470	3
10865954	4
10913168	2
10915712	1
10929828	2
10946036	4
10970848	1
10984812	5
10987570	5
11115482	5
11227945	4
11237130	1
11237613	4
11296954	4
11327445	4
11343712	5
11359665	1
11366632	1
11367827	3
11440472	3
11454178	5
11461681	5
11488899	4
11496172	5
11557291	1
11578463	3
11579043	5
11581773	5
11596670	2
11597431	5
11619770	5
11620836	5
11648035	4
11657969	5
11676568	5
11688487	5
11688623	2
11705069	5
11705627	5
11745902	1
11753108	1
11763146	1
11763971	5
11788400	1
11804718	5
11838888	2
11881428	5
11881791	5
11896430	5
11947190	5
11950586	5
11951316	5
11951711	5
11959522	5
11979811	4
11982573	3
12000417	5
12010717	1
12010880	5
12021094	5
12066343	5
12101522	5
12141114	5
12152794	5
12155211	2
12164219	5
12205708	5
12251641	5
12277241	5
12286300	5
12292783	5
12311481	5
12336380	1
12342694	5
12545909	5
12585274	5
12616005	5
12691948	4
12699110	4
12699446	5
12716991	5
12722917	5
12769987	5
12817142	5
12830900	1
12860937	1
12863537	5
12888525	5
12888667	5
12948533	5
12952540	1
12986052	5
13004485	5
13012592	1
13018869	5
13021862	3
13031711	1
13047628	4
13085888	5
13087075	5
13093721	5
13108189	5
13109721	5
13166011	2
13185786	5
13188856	5
13207113	5
13264335	4
13309877	5
13341636	3
13385439	5
13389330	4
13403860	5
13440505	5
13477693	5
13499948	1
13500180	5
13535981	5
13536950	5
13540674	5
13542953	1
13570916	5
13571067	5
13586077	5
13592114	5
13596850	5
13627425	5
13664773	5
13676175	5
13703705	5
13720226	5
13752392	2
13767774	4
13789732	5
13793423	5
13797724	5
13822882	5
13873023	5
13927639	4
13928839	3
13932749	2
13934496	4
13937912	2
13945604	5
13948299	5
13961948	5
13966130	5
13972607	5
13973451	3
13984069	5
13994777	4
14012508	5
14012766	5
14014019	5
14037776	3
14051808	5
14053104	5
14086615	5
14089731	1
14109653	5
14117410	3
14118798	1
14154513	5
14199253	5
14199505	3
14201008	4
14201178	5
14205059	4
14215372	2
14220526	5
14245181	5
14257127	5
14262990	5
14266516	5
14267375	5
14267824	4
14274718	5
14278733	5
14286085	2
14287024	5
14318564	5
14322189	5
14346139	5
14352679	5
14381961	5
14396783	1
14417978	5
14424569	5
14446951	2
14472893	5
14537801	5
14555881	1
14568494	3
14585602	2
14611935	5
14614161	5
14654174	5
14747104	5
14747220	5
14755522	5
14759895	5
14760277	5
14804607	3
14926830	5
14927601	5
14983133	5
15050126	5
15050737	3
15053203	5
15065798	5
15072168	4
15073551	5
15093534	5
15094340	2
15094855	5
15102363	5
15159188	3
15208726	5
15267766	1
15276669	5
15315984	3
15335550	5
15344029	5
15379532	1
15394799	5
15447511	5
15449771	5
15560850	5
15630821	1
15648285	5
15683978	1
15712934	5
15717401	5
15748591	2
15751212	1
15753269	2
15758654	4
15760345	3
15779676	1
15821138	4
15846728	1
15847123	1
15858556	4
15872858	1
15894139	1
15895356	4
15998086	1
15999306	5
16011265	5
16022883	5
16023420	3
16024623	1
16025412	5
16038601	1
16045371	4
16049475	1
16083988	5
16088183	4
16091242	1
16098986	4
16101508	4
16105920	1
16129806	1
16151271	4
16157940	1
16170971	1
16177631	1
16177755	3
16182328	1
16190001	1
16216837	2
16231786	1
16233736	4
16233825	2
16252828	5
16259930	1
16294024	1
16300470	4
16314327	5
16314931	5
16342909	1
16381960	4
16390965	1
16397991	5
16405916	5
16416099	1
16418512	5
16428278	5
16479597	1
16482565	5
16483394	1
16486607	5
16490354	4
16497545	5
16503472	5
16529106	5
16530513	5
16562393	5
16574351	3
16577976	1
16578163	1
16585616	1
16585948	5
16591624	1
16593518	1
16601368	3
16614134	5
16615365	1
16615511	2
16618714	5
16631516	1
16636767	1
16670921	1
16678301	5
16714686	1
16715085	4
16731140	2
16733519	4
16740129	5
16754924	3
16759265	5
16764346	5
16765236	2
16765730	4
16774352	5
16777643	5
16825832	2
16851878	5
16913666	5
16916973	2
16919314	1
16936809	1
16946538	1
16947624	1
16952573	1
16955266	1
16979869	1
16981402	1
16990277	1
16992443	4
17000425	1
17011760	5
17016417	1
17021701	1
17034753	1
17072677	1
17090435	1
17090809	5
17097607	1
17103177	1
17103566	5
17109656	1
17110257	3
17113832	1
17122715	1
17133662	1
17140757	1
17153298	1
17160858	2
17180945	5
17199908	1
17214214	1
17218254	5
17218896	1
17236209	5
17239943	1
17245119	1
17257013	1
17257248	1
17280096	1
17321542	1
17330167	5
17346405	5
17351340	1
17353110	2
17369630	1
17371194	5
17383578	2
17440807	1
17447976	1
17448110	1
17462980	1
17463693	1
17470540	5
17485286	2
17486300	5
17499826	1
17506299	5
17520922	1
17530081	1
17537784	3
17537911	1
17539638	5
17547992	5
17559526	1
17559975	5
17565702	5
17580935	1
17584150	5
17584702	1
17606261	5
17614728	1
17626676	5
17656277	1
17656958	1
17681933	5
17682524	5
17684842	5
17686555	5
17694140	5
17701717	3
17702375	5
17706288	5
17713601	5
17727110	5
17732054	5
17739043	5
17748283	5
17752669	1
17756027	4
17777925	5
17780198	1
17780990	5
17787846	1
17789966	5
17792537	5
17796082	5
17797852	5
17798241	5
17807937	5
17808050	5
17811413	5
17812286	5
17812301	1
17821147	5
17823202	3
17824991	5
17836282	5
17837201	5
17837916	2
17843161	5
17843190	1
17844700	1
17850248	1
17853810	5
17854234	5
17854724	5
17868505	5
17868954	5
17875473	1
17877408	1
17877514	5
17877608	5
17882151	5
17884267	4
17891543	5
17895910	4
17896071	5
17899006	5
17900613	1
17909191	5
17913045	5
17914051	5
17919361	1
17919984	5
17931792	1
17937739	5
17942637	1
17945461	4
17946972	1
17950673	5
17952376	5
17955848	5
17956423	5
17956789	5
17960928	5
17963760	5
17964145	5
17968724	5
17969757	5
17971778	5
17978115	1
17978369	1
17980993	5
17985501	1
17992102	5
18001073	5
18011591	5
18015640	5
18040057	4
18046553	5
18048796	5
18050748	5
18061458	5
18063527	5
18070047	3
18076178	5
18076312	5
18081011	5
18089593	5
18099789	1
18104631	5
18108236	5
18108505	5
18111908	5
18116221	5
18117742	5
18121900	5
18123873	5
18141306	5
18145341	5
18168540	1
18176784	5
18180692	5
18182321	5
18189741	5
18192941	5
18194360	5
18205970	5
18206408	5
18209123	5
18212880	5
18217746	5
18229080	5
18231819	5
18236747	5
18241781	5
18250461	5
18256634	5
18256687	5
18278231	5
18285732	5
18287093	1
18287516	1
18290587	4
18290684	5
18301870	5
18302460	5
18302983	5
18306607	5
18309886	5
18310978	1
18319905	5
18325846	5
18345186	4
18349227	5
18362591	1
18385689	1
18386874	1
18387616	5
18401524	1
18408659	5
18408915	5
18432664	5
18442011	5
18442232	5
18466025	5
18467685	5
18468743	5
18472234	1
18479918	5
18480994	5
18482396	1
18493424	2
18498195	5
18500733	4
18502690	5
18504429	1
18523239	5
18529094	5
18533078	1
18547563	5
18555665	5
18558937	3
18589236	3
18594183	5
18598862	4
18599976	1
18616446	1
18618666	1
18625511	3
18630837	5
18642988	4
18645298	1
18648863	5
18653327	1
18656202	3
18668193	1
18669616	5
18669744	5
18672813	1
18679213	1
18680035	5
18700895	4
18702253	5
18702787	5
18704524	1
18717674	1
18723140	1
18745873	1
18751687	1
18764111	5
18770513	4
18771696	5
18781012	5
18792316	5
18795084	5
18807581	1
18819013	4
18825643	5
18829043	5
18835110	5
18844586	1
18855882	5
18864984	5
18873610	5
18890181	3
18897600	5
18940666	5
18943179	1
18945576	5
18955586	5
18978664	5
18984218	5
18987214	1
18991390	5
18991794	1
18993424	3
19020915	5
19024892	5
19028113	1
19036463	2
19040305	5
19041198	5
19076693	1
19093438	1
19094700	5
19095333	4
19100515	5
19111273	1
19111584	5
19112575	1
19124632	5
19152169	1
19169213	5
19201199	1
19201705	5
19227165	5
19233019	5
19244545	5
19255252	5
19263401	2
19276231	5
19308392	5
19330011	1
19330668	4
19331280	5
19336261	5
19342815	5
19347662	4
19361052	2
19425492	5
19427443	5
19460451	5
19468349	5
19474070	5
19474408	1
19486654	5
19489693	5
19554377	5
19601959	1
19617105	5
19625114	5
19625638	1
19627090	1
19627344	5
19641275	1
19694971	1
19701391	1
19754065	5
19755337	5
19773881	1
19868107	5
19905673	4
19919241	1
19947304	5
19968057	5
20072826	1
20073449	1
20085135	5
20111667	5
20117782	1
20121678	5
20133315	1
20158461	1
20164101	5
20174338	1
20184213	1
20256855	1
20277409	1
20299688	1
20338418	1
20360428	3
20372124	1
20383790	5
20391772	5
20393559	5
20401210	5
20427268	5
20498668	1
20533648	1
20605488	5
20667337	5
20748838	5
20759011	5
20801959	5
