JobID	Cost
4488798	134.41
4723873	3.88
4823218	2.00
4882702	99.27
4885857	5.75
5000346	190.70
5050901	None
5058921	3.17
5089206	2.00
5112480	4.25
5220058	179.95
5356638	136.21
5492742	None
5543621	28.55
5702761	68.08
5708314	57.75
5756358	63.70
5756405	None
5789307	5.80
5837944	21.11
5884942	93.38
5949816	53.53
6023314	36.00
6039262	54.43
6042984	134.94
6144429	4.40
6147450	83.42
6152808	29.05
6194538	26.75
6199353	96.67
6269476	163.40
6275361	100.90
6382402	4.45
6399230	82.17
6404486	23.33
6421824	89.22
6422644	96.00
6457473	51.48
6560159	26.00
6568328	227.05
6571299	336.90
6575667	29.00
6592747	4.83
6634940	119.38
6746623	28.33
6750948	22.38
6755862	109.48
6764317	144.29
6765225	84.33
6780290	23.00
6784140	74.20
6811212	57.05
6811736	91.52
6839904	86.67
6846649	45.00
6858687	89.00
6871034	172.57
6871377	25.90
6873062	27.57
6873281	60.38
6880190	113.00
6885235	35.00
6890762	4.78
6893617	57.44
6907526	44.57
6965644	31.17
6976860	39.38
6985378	238.50
6985783	58.33
6990075	63.62
7001021	36.00
7003436	45.29
7007661	1144.62
7039757	19.90
7092561	113.33
7096831	27.48
7097861	41.00
7175269	85.73
7191053	None
7204675	58.00
7240605	182.36
7250154	72.43
7304790	116.33
7316397	33.00
7344568	50.00
7364093	21.92
7370921	65.00
7391538	5.85
7413482	99.35
7417065	69.22
7443117	198.65
7465493	51.62
7490825	120.93
7576818	77.70
7583697	101.20
7602955	88.48
7605263	49.60
7619096	98.88
7632186	39.67
7635756	25.25
7689983	59.50
7690133	1059.75
7705083	13.00
7715485	938.35
7715754	166.81
7716777	37.50
7717011	35.62
7717721	81.47
7727992	11.44
7732331	35.00
7734004	110.73
7738831	158.89
7754294	804.63
7767419	58.48
7767971	47.86
7771351	48.47
7771366	44.81
7771387	37.50
7771437	42.08
7773385	47.50
7776219	32.36
7778961	40.00
7783843	90.84
7787917	4.30
7796921	7.50
7810823	6.75
7827345	25.00
7827352	31.36
7832033	36.50
7833528	20.00
7846757	93.20
7858339	171.14
7859165	119.69
7862160	63.60
7883548	70.05
7908660	151.00
7913158	209.14
7914878	21.20
7919605	164.75
7919774	21.13
7951269	53.33
7954428	8.10
7956906	98.00
7963757	55.92
7972887	35.38
7996646	49.86
8033753	28.67
8048409	65.27
8067080	113.29
8076416	26.75
8083500	79.20
8089449	24.17
8111876	101.05
8112712	138.50
8113274	21.63
8128884	24.50
8129887	28.00
8134146	58.50
8159361	39.50
8186156	1079.86
8198930	22.17
8199355	54.43
8207705	27.80
8222358	78.33
8224201	88.94
8241869	43.33
8266427	28.50
8277675	36.55
8293768	6.57
8296405	36.17
8296809	15.83
8321937	8623.38
8375202	166.71
8376171	7.33
8399347	38.33
8399817	24.38
8402563	63.00
8404763	49.95
8407902	30.00
8426401	25.50
8427142	37.12
8439880	34.24
8469673	84.50
8472685	44.10
8478760	6.50
8499063	369.29
8525969	52.71
8527653	19.00
8528518	38.33
8542646	48.83
8550854	26.88
8554643	26.00
8561706	39.75
8563011	36.21
8568118	38.62
8568655	40.00
8569419	30.14
8581014	47.73
8581117	343.00
8608540	27.00
8610927	27.00
8614690	55.19
8616053	119.00
8621419	149.67
8624099	91.29
8625713	30.00
8630020	44.00
8632145	100.07
8637256	24.36
8643556	185.33
8667991	115.80
8669740	44.89
8671836	30.00
8671958	109.44
8672170	64.94
8680088	96.14
8683891	41.00
8685507	197.52
8687940	30.00
8702978	52.40
8703117	51.48
8723068	90.14
8734887	92.80
8736809	63.43
8737353	71.00
8746987	116.39
8753150	66.67
8764735	250.00
8765829	22.48
8768473	52.00
8769128	100.67
8788441	30.00
8816954	5.06
8838035	22.17
8838039	29.71
8842264	48.07
8860822	617.29
8867429	46.21
8872935	110.33
8878437	153.00
8878871	34.33
8886644	141.19
8894481	111.44
8896697	39.33
8907558	35.15
8907752	140.75
8916297	26.40
8924974	41.44
8926016	86.00
8927364	31.86
8927491	None
8931653	51.60
8947346	None
8949436	363.33
8954604	45.00
8965862	165.05
8967182	48.70
8968553	84.38
9010775	131.08
9022827	85.57
9052347	76.33
9057848	37.33
9058381	31.12
9097332	37.00
9105670	None
9122462	52.00
9136500	64.00
9136933	176.50
9201203	447.57
9203492	149.60
9231506	70.42
9232575	234.65
9233682	53.05
9236291	40.00
9236576	52.40
9239843	129.44
9252477	37.95
9264617	64.50
9280205	82.60
9313092	17.62
9324042	61.88
9354272	39.47
9364911	61.33
9433882	1420.82
9447251	21.67
9457692	39.17
9467561	27.50
9532349	11.00
9534457	46.29
9544615	2540.57
9590622	36.76
9597777	299.08
9609141	91.33
9609801	27.58
9620114	70.07
9620169	24.54
9633680	20188.24
9634180	108.14
9666462	48.90
9740368	19.50
9745592	34.67
9771611	17.18
9777627	92.73
9808094	27.50
9808244	240.60
9847482	126.75
9933182	100.00
9940564	65.73
9943557	264.91
9943687	None
9949831	15.00
9958652	24.79
9976592	133.38
9985771	31.94
10013054	None
10013109	89.00
10025144	37.50
10033222	31.93
10035044	30.00
10036220	2.00
10043991	5.67
10056434	7.08
10102458	129.55
10138512	185.38
10148059	48.90
10160500	147.33
10161940	12.36
10168020	None
10200655	82.43
10204040	30.00
10208541	173.75
10225852	47.23
10226571	148.90
10234548	55.00
10235189	43.89
10252785	34.24
10253819	36.00
10262370	157.44
10266811	460.67
10269191	99.50
10270474	2.86
10282222	18.05
10323559	111.18
10328447	37.80
10331914	78.44
10332755	24.20
10333406	95.45
10354346	31.13
10355355	76.94
10357782	71.50
10359287	103.00
10372017	121.43
10372562	135.30
10384867	53.50
10385526	96.80
10394098	136.90
10395258	18.52
10399076	145.70
10404069	42.64
10404404	83.33
10408099	120.50
10420184	29.64
10439825	136.00
10456175	49.62
10473801	37.59
10474045	136.18
10474247	132.25
10474322	35.19
10477685	69.00
10494515	165.50
10531756	52.71
10533872	146.81
10538483	117.55
10547331	119.07
10612685	119.44
10615607	24.94
10621914	30.81
10644320	100.86
10690765	139.17
10701114	119.38
10704409	121.95
10723766	137.90
10724060	114.27
10751884	195.57
10752381	391.11
10791643	1020.19
10802338	31.19
10834434	148.80
10841593	1172.90
10853030	25.15
10858470	25.00
10865954	23.38
10913168	70.00
10915712	69.95
10929828	21.27
10946036	118.67
10970848	47.86
10984812	29.30
10987570	25.33
11022001	111.48
11031875	107.50
11041200	1816.43
11099218	122.95
11115482	42.05
11137529	81.20
11151530	394.18
11198355	103.95
11220430	23.84
11227945	32.00
11237130	38.93
11237613	43.33
11254202	89.00
11292071	141.25
11296954	114.21
11298071	122.67
11315716	228.67
11327445	4.75
11343712	82.90
11347064	280.29
11359665	350.00
11366632	200.00
11367827	31.20
11384155	92.00
11404867	129.50
11417474	51.71
11440472	40.07
11454178	121.00
11461681	46.92
11488899	27.20
11496172	108.19
11552395	45.29
11557291	13.50
11561455	315.45
11564594	289.00
11578463	20.00
11579043	33.75
11581773	40.75
11596670	26.00
11597431	15.50
11619770	34.20
11620836	116.95
11648035	92.14
11657969	36.21
11676568	30.00
11688487	19.29
11688623	122.83
11705069	85.86
11705627	34.15
11745902	449.76
11753108	166.60
11763146	126.78
11763971	142.20
11788400	52.67
11801643	1113.95
11804718	135.48
11819777	500.38
11838888	162.00
11881428	75.36
11881791	174.67
11896430	107.60
11947190	38.33
11950586	90.17
11951316	39.75
11951711	44.33
11959522	60.82
11979811	91.27
11982573	121.06
12000417	77.71
12001736	119.30
12010717	55.50
12010880	57.00
12021094	32.08
12030736	382.33
12066343	198.07
12084768	95.33
12092289	150.71
12101522	104.86
12120688	181.09
12132428	156.59
12135164	67.38
12135307	78.24
12141114	147.95
12152794	150.06
12155211	306.24
12164219	32.00
12205708	43.19
12222229	67.00
12222524	133.50
12235745	230.57
12251641	71.00
12269909	42.81
12277241	38.90
12286300	36.38
12292783	46.65
12311481	97.92
12336380	123.71
12342694	177.48
12342905	135.29
12545909	139.05
12585274	80.17
12616005	58.14
12665337	125.94
12691948	59.75
12699110	45.43
12699446	33.95
12716991	86.38
12722917	64.95
12742222	40.23
12756602	144.60
12766344	151.48
12769987	31.81
12777632	493.86
12817142	28.45
12830900	59.56
12833685	82.05
12851923	114.33
12856904	134.62
12860937	118.26
12863537	42.21
12888525	71.22
12888667	92.19
12948533	75.67
12952540	112.38
12959227	128.00
12977677	71.88
12986052	33.19
12988853	89.05
13001916	149.95
13004485	55.57
13012592	41.92
13018869	37566.67
13021862	30.83
13031711	129.89
13047628	303.44
13085888	85.43
13087075	33.00
13093721	30.80
13108189	264.67
13109721	44.67
13125079	112.30
13165905	1000.62
13166011	146.06
13176579	80.32
13185786	146.95
13188856	113.10
13198540	292.05
13207113	53.48
13264335	93.83
13274716	1409.21
13289758	75.38
13309877	114.69
13341636	97.95
13385043	68.00
13385439	204.15
13389330	109.63
13403860	91.00
13440505	147.70
13450438	254.29
13462093	158.71
13477693	68.57
13499948	128.50
13500180	192.81
13513914	42.67
13535981	40.82
13536950	151.50
13540674	87.43
13542953	120.25
13567793	49.62
13570916	199.75
13571067	106.00
13586077	75.14
13592114	39.89
13596850	56.29
13627425	122.81
13664773	41.27
13676175	115.42
13703705	7.50
13720226	133.43
13752392	161.94
13767774	30.81
13789732	43.71
13793423	121.57
13797724	123.62
13822882	89.43
13873023	114.86
13927018	159.50
13927639	96.05
13928839	223.00
13932749	453.55
13934496	85.71
13937912	1203.90
13941323	111.56
13945604	146.19
13948299	71.95
13961948	101.55
13966130	50.57
13972607	111.48
13973451	None
13984069	185.33
13994777	248.12
14010633	129.12
14012508	30.73
14012766	119.19
14014019	143.23
14037776	109.95
14051808	35.00
14053104	91.70
14083434	157.29
14086615	51.50
14089731	20.71
14109653	106.38
14117410	35.82
14118798	117.57
14127027	131.14
14154513	145.48
14199253	104.90
14199505	83.62
14201008	216.43
14201178	31.19
14205059	31.36
14215372	30.05
14220526	47.95
14237653	47.50
14245181	38.75
14257127	37.19
14262990	115.21
14266516	35.00
14267375	121.50
14267824	23.33
14274718	58.57
14278733	42.67
14286085	4.38
14287024	46.14
14308128	77.95
14318564	57.78
14322189	119.52
14345158	45.33
14346139	5623.33
14348540	303.86
14352679	47.76
14381961	95.86
14396783	238.78
14417978	28.89
14424569	49.10
14446951	6.90
14472893	31.36
14499334	101.43
14519779	134.05
14537801	134.71
14555881	154.23
14568494	87.67
14585602	124.21
14611935	125.42
14614161	41.04
14638044	477.33
14654174	113.80
14655587	68.89
14723542	136.19
14730420	115.33
14747104	37.05
14747220	57.90
14755522	24.83
14759895	124.86
14760277	53.92
14804607	1235.24
14814949	35.90
14926830	37.00
14927601	37.50
14971901	33.00
14977637	83.19
14983133	135.10
14992851	44.10
15016552	120.43
15050126	27.60
15050737	152.50
15053203	134.87
15065798	29.36
15072168	80.00
15073551	79.81
15093534	118.33
15094340	235.43
15102363	422.20
15112910	284.62
15122172	549.67
15159188	154.52
15208726	42.21
15267766	24.31
15276669	78.00
15315984	147.30
15335550	47.62
15344029	58.19
15379532	25.89
15394799	101.90
15447511	43.10
15449771	38.63
15560850	96.24
15630821	122.86
15648285	40.25
15683978	15729.43
15712934	26.00
15717401	831.00
15748591	100.57
15751212	24.71
15753269	34.25
15758654	137.46
15760345	44.69
15769036	218.08
15775594	46.45
15779676	47.79
15821138	110.67
15846728	106.81
15847123	139.82
15858556	31.56
15870483	34.00
15872858	212.62
15894139	65.18
15895356	33.17
15998086	96.57
15999306	26.50
16011265	135.33
16022883	116.67
16023420	45.00
16024623	179.57
16025412	68.24
16038601	98.24
16045371	207.57
16049475	28.33
16083988	107.00
16088183	60.95
16091242	31.80
16098986	26.95
16101508	100.43
16105920	151.36
16129806	116.10
16151271	498.92
16157940	298.14
16170971	94.65
16177631	66.73
16177755	1394.44
16182328	98.76
16190001	83.05
16216837	125.76
16231786	29.71
16233736	192.00
16233825	27.00
16252828	93.47
16259930	166.00
16294024	22120.50
16300470	81.86
16314327	57.25
16314931	35.71
16342909	101.90
16381960	113.90
16390965	151.68
16397991	205.00
16405916	27.62
16416099	37.24
16418512	23.71
16479597	35.89
16483394	112.86
16486607	90.62
16490354	62.29
16497545	33.59
16503472	30.00
16529106	23.50
16530513	26.84
16562393	44.86
16574351	7036.67
16577976	958.75
16578163	345.88
16585616	76.75
16585948	120.50
16591624	101.86
16593518	88.19
16601368	138.06
16614134	179.42
16615365	167.00
16615511	26.05
16618714	126.80
16631516	54.95
16636767	379.00
16670921	67.82
16678301	39.22
16714686	14.81
16715085	82.57
16731140	25.71
16733519	425.45
16740129	3335.90
16754924	150.83
16759265	204.60
16765236	34.05
16765730	34.45
16774352	39.72
16777643	104.76
16825832	167.19
16851878	103.47
16913666	26.67
16916973	102.19
16919314	107.59
16936809	140.55
16946538	82.67
16947624	26.67
16952573	87.76
16955266	377.52
16979869	121.52
16981402	70.73
16990277	95.29
16992443	172.89
17000425	97.90
17011760	122.40
17016417	94.50
17021701	188.40
17034753	335.86
17072677	255.90
17090435	57.14
17090809	367.77
17097607	166.76
17103177	27.76
17103566	37.14
17109656	1078.71
17110257	664.90
17113832	16.05
17122715	282.53
17133662	342.67
17140757	37.27
17153298	98.43
17160858	97.91
17180945	97.10
17199908	211.33
17214214	29.44
17218254	1650.00
17218896	101.62
17236209	34.00
17239943	8427.30
17245119	133.00
17257013	351.33
17257248	89.27
17280096	26.46
17321542	105.00
17330167	2367.00
17346405	109.43
17351340	410.57
17353110	34.76
17369630	361.00
17371194	110.43
17383578	112.67
17440807	59.52
17447976	119.10
17448110	358.76
17462980	88.89
17463693	91.67
17470540	50.10
17485286	27.00
17486300	96.76
17499826	119.05
17506299	39.43
17520922	136.57
17530081	370.26
17537784	29.00
17537911	100.14
17539638	92.29
17559526	182.20
17559975	34.38
17565702	168.95
17580935	85.45
17584150	120.43
17584702	60.14
17606261	121.48
17614728	611.24
17626676	145.00
17656277	78.05
17656958	420.33
17681933	68.19
17682524	54.52
17684842	98.00
17686555	72.52
17694140	71.43
17701717	29.94
17702375	102.33
17706288	97.60
17713601	79.54
17727110	73.10
17732054	44.29
17739043	137.90
17748283	124.62
17752669	328.82
17756027	39.64
17777925	106.43
17780198	279.64
17780990	533.95
17787846	194.54
17789966	51.88
17792537	43.24
17796082	56.45
17797852	40.43
17798241	77.00
17807937	41.00
17808050	96.86
17811413	162.35
17812286	51.52
17812301	29.59
17821147	33.43
17823202	27.14
17824991	25.00
17836282	80.62
17837201	113.05
17837916	191.19
17843161	335.29
17843190	108.29
17844700	97.88
17850248	116.14
17853810	33.47
17854234	166.11
17854724	184.29
17868954	96.81
17875473	100.52
17877408	117.29
17877514	57.95
17877608	51.19
17882151	62.52
17884267	64.43
17891543	11.83
17895910	101.08
17896071	137.33
17899006	37.60
17900613	136.62
17909191	34.60
17913045	143.90
17914051	101.71
17919361	125.22
17919984	94.81
17931792	180.83
17937739	30.11
17942637	29.29
17945461	33.75
17946972	85.05
17950673	107.43
17952376	70.29
17955848	93.48
17956423	26.67
17960928	48.81
17963760	165.27
17964145	79.00
17968724	33.57
17969757	82.12
17971778	None
17978115	56.43
17978369	84.73
17980993	39.29
17985501	27.09
17992102	106.24
18001073	50.48
18011591	90.00
18015640	46.14
18040057	42.14
18046553	119.57
18048796	75.76
18050748	95.00
18061458	72.95
18063527	52.00
18070047	130.71
18076178	71.71
18076312	30.63
18081011	208.10
18089593	49.38
18099789	353.52
18104631	101.37
18108236	110.39
18108505	89.36
18111908	114.38
18116221	66.53
18117742	32.89
18121900	106.63
18123873	38.57
18145341	91.43
18168540	95.09
18176784	117.84
18180692	22.67
18182321	121.57
18189741	89.55
18192941	45.19
18194360	53.10
18206408	95.48
18209123	50.55
18212880	84.62
18217746	94.57
18231819	104.33
18236747	100.24
18250461	138.33
18256634	122.12
18256687	45.12
18278231	68.80
18285732	107.38
18287093	113.33
18287516	94.86
18290587	76.00
18302460	64.24
18302983	118.67
18306607	35.00
18309886	6.00
18310978	76.67
18319905	36.74
18345186	72.10
18349227	5538.00
18362591	81.00
18385689	133.80
18386874	93.90
18387616	61.81
18401524	44.58
18408659	80.14
18408915	31.50
18432664	6906.90
18442011	28.76
18442232	56.00
18466025	52.38
18467685	63.29
18468743	105.76
18472234	87.92
18479918	37.71
18480994	108.33
18482396	101.50
18493424	7944.19
18498195	44.86
18500733	29.33
18502690	62.43
18504429	102.33
18523239	76.10
18533078	59.48
18547563	32.62
18555665	34.89
18558937	31.38
18589236	34.29
18594183	42.67
18598862	61.00
18599976	58.14
18616446	221.67
18618666	57.00
18625511	23.60
18642988	84.29
18645298	27.71
18648863	94.50
18653327	145.24
18656202	31.36
18668193	98.81
18669616	70.90
18669744	68.81
18672813	72.95
18679213	570.81
18680035	32.86
18700895	32.29
18702253	90.48
18702787	74.20
18704524	68.10
18717674	202.10
18723140	64.74
18745873	340.25
18751687	74.48
18764111	144.86
18770513	52.86
18771696	183.95
18781012	142.00
18792316	52.29
18795084	40.24
18807581	25.83
18819013	85.71
18825643	2265.67
18829043	300.90
18835110	34.13
18844586	58.81
18855882	56.41
18864984	35.57
18873610	42.09
18890181	292.69
18897600	91.67
18940666	85.62
18943179	32.62
18945576	107.54
18955586	91.71
18978664	100.90
18984218	27.50
18987214	91.07
18991390	34.89
18991794	92.38
18993424	37.46
19020915	62.24
19024892	99.87
19028113	555.31
19036463	148.48
19040305	31.14
19041198	50.48
19076693	69.95
19093438	92.90
19094700	123.33
19095333	106.17
19111273	96.05
19111584	75.93
19112575	65.48
19124632	124.33
19152169	144.71
19169213	51.05
19201199	51.43
19201705	107.42
19227165	362.43
19233019	112.90
19244545	88.08
19263401	62.12
19276231	52.38
19308392	24.14
19330011	181.35
19330668	92.67
19331280	78.43
19336261	134.16
19342815	69.95
19347662	3000.00
19361052	69.17
19425492	87.33
19427443	104.00
19460451	45.19
19474070	62.17
19474408	27.78
19486654	28.29
19554377	29.19
19601959	97.52
19617105	26.19
19625114	30.00
19625638	4814.67
19627090	270.00
19627344	103.24
19641275	14.20
19694971	33.67
19701391	272.38
19754065	88.43
19755337	14.56
19773881	39.43
19868107	12462.67
19905673	185.00
19947304	43.20
19968057	415.10
20072826	3.43
20073449	68.10
20085135	97.43
20111667	83.00
20117782	122.19
20124530	72.38
20133315	102.38
20158461	55.70
20164101	135.64
20174338	41.90
20184213	70.10
20221641	65.19
20256855	27.19
20277409	23.24
20299688	None
20327940	21.05
20338418	75.24
20360428	72.09
20372124	296.43
20383790	28.00
20393559	62.32
20401210	30.42
20427268	6683.05
20498668	63.95
20533648	71.67
20605488	93.81
20667337	69.92
20748838	33.75
20759011	90.19
20801959	24.62
20822785	118.62
20847357	73.29
20875681	39.57
